983253
1	1352561233	100
2	1352561232	100
3	1352561083	100
4	1352561335	100
5	1352561176	100
6	1352561210	100
7	1352561227	100
8	1351194517	100
9	1352560993	100
10	1352560993	100
11	1352561284	100
12	1352561138	100
14	1350106049	200
15	1350106049	200
16	1350106049	200
17	1350106049	395
18	1352164871	4800
19	1352560894	100
20	1352174554	47
21	1352561295	50
22	1352561289	50
23	1352566410	50
24	1350106053	1300
25	1352561142	100
27	1350106054	109
28	1352533657	400
29	1352485040	634
30	1352549083	2000
31	1352485022	6500
32	1352560913	9269
33	1352561258	30
34	1352560997	2000
35	1350106058	100
36	1350106058	100
37	1350106059	500
38	1350106059	100
39	1352542302	100
40	1352560951	100
41	1350106060	100
42	1352561085	100
46	1352524133	100
47	1351194351	100
48	1352549082	4989
49	1350106063	100
50	1352561216	650
51	1352503083	206
52	1352488615	100
53	1352488614	4390
54	1352533657	7000
55	1352547138	100
56	1352485015	8999
57	1352560878	5500
58	1352519545	4486
59	1352174574	142
60	1352534068	4270
61	1350106069	40
62	1352407926	10100
66	1352100095	50000
67	1352467359	4666
68	1352489824	5250
69	1352534090	100
70	1350106073	100
71	1352503233	200
72	1352484895	120
73	1352560902	430
76	1352561272	124
77	1350106075	100
78	1352561199	630
79	1350106076	70
80	1352524132	4880
81	1350106077	100
82	1350106077	101
83	1350106078	150
84	1350106078	100
85	1352499502	650000
86	1352489848	695
87	1352534077	200
88	1350106081	200
89	1352560731	100
90	1352560676	95
91	1352520748	100
92	1352174590	47
93	1352560731	275
94	1352485055	280
95	1352560672	280
96	1350106085	500
97	1352503125	600
98	1350106086	100
99	1352524130	15000
100	1352524129	13700
101	1352524129	7980
102	1350106088	100
103	1352484900	100
104	1352484897	400
105	1350106090	999
106	1350106090	100
107	1350106091	100
108	1352500301	100
109	1352520861	100
110	1352500300	275
111	1352484928	270
112	1352503096	350
113	1352503012	700
114	1352484852	4840
115	1352503012	800
117	1350106095	80
118	1352561273	20
119	1352561273	20
120	1352560970	20
121	1352484923	100
122	1352560971	200
123	1350106096	80
124	1352561012	20
125	1352489747	216
126	1352561141	248
127	1352503051	500
128	1352485053	500
129	1350106099	950
130	1352515114	289
131	1350106099	80
132	1352561142	800
135	1352560813	300
136	1351206249	28
137	1352533947	324
138	1352534030	300
139	1352561340	500
140	1352555607	400
142	1352489659	2000
143	1352484984	1988
144	1352561286	100
145	1352560901	300
147	1352503025	320
148	1352503025	752
149	1352503025	320
157	1352561445	1000
158	1350106105	100
159	1350106106	100
160	1350106106	100
161	1350106107	100
162	1350106107	100
163	1350106108	100
164	1350106108	320
165	1350106109	100
166	1350106110	100
167	1350106110	104
168	1352560925	100
169	1350106111	70
170	1350106111	100
171	1350106112	130
172	1350106112	100
173	1350106113	100
174	1352560782	150
175	1350106114	100
176	1350106114	1700
177	1352548068	1848
178	1352560989	2500
179	1350106116	104
180	1350106116	100
181	1350106117	899
182	1350106117	100
183	1350106118	1285
184	1350106118	290
185	1352561021	999
186	1350106119	525
187	1350106120	100
188	1350106120	199
189	1352561071	100
193	1352274031	92000000
194	1352538562	11800000
195	1352561018	500
196	1352556849	1340
198	1350106123	909
199	1352561236	445
200	1350106124	102
201	1350106125	200
202	1350106125	100
203	1351194517	64
204	1350106126	104
205	1352558652	160
206	1352484957	100
207	1350106128	389
208	1352561177	100
209	1352561346	1500
210	1352561021	100
211	1352560986	100
212	1352561359	100
213	1350106131	160
214	1350106132	160
215	1352494796	2680
216	1350106133	850
217	1350106133	2300
218	1352561083	150
219	1352365972	70
220	1350106135	100
221	1352561057	170
222	1352561182	100
223	1352561182	150
224	1350106137	100
225	1350106137	214
226	1350106138	2985
227	1352485008	1500
228	1352484980	5500
229	1352484966	3600
230	1350106140	150
231	1350106140	100
232	1350106141	100
233	1352560997	120
234	1352533946	240
236	1352563055	1000
237	1350106143	110
238	1350106143	110
239	1350106144	160
240	1350106144	160
241	1352561088	300
242	1350106145	100
243	1350106146	100
244	1350106146	100
245	1350106147	100
246	1350106147	100
247	1352563679	70
248	1350106148	130
249	1350106148	194
250	1350106149	185
251	1350106149	179
252	1350106150	120
253	1350106150	240
254	1350106151	240
255	1350106151	132
256	1350106152	240
257	1350106152	420
258	1352560709	2000
259	1350106153	100
260	1350106154	100
261	1350106154	100
262	1350106155	100
263	1350106155	105
264	1350106156	100
265	1350106156	663
266	1350106157	300
267	1352561155	110
268	1352503095	300
269	1350106158	100
270	1352561355	150
271	1350106159	370
272	1350106160	250
273	1350106160	927
274	1352174704	475
276	1352561123	25000
277	1350106161	749
278	1350106162	300
279	1350106162	300
280	1352561184	500
281	1352274032	999999998
285	1352561347	100
286	1352561216	100
287	1352475251	9975
288	1352561194	600
289	1352486847	4000
290	1352561257	2990
291	1352560946	110
292	1352308809	100
293	1350106168	195
294	1350106169	700
295	1352503003	499
296	1352561002	100
297	1352561296	100
298	1352561126	100
299	1352561184	100
300	1352561099	100
301	1352563222	100
302	1350106173	1500
303	1350106173	100
304	1350106174	995
305	1350106174	100
306	1350106175	100
307	1350106175	100
308	1350106176	130
309	1350106176	130
310	1350106177	130
311	1350106177	100
312	1350106178	160
313	1352560981	600
314	1350106179	170
315	1350106179	530
316	1350106180	489
317	1350106181	550
318	1350106181	998
319	1350106182	1250
320	1350106182	212
321	1350106183	240
322	1350106183	100
323	1350106184	136
324	1350106184	400
325	1350106185	168
326	1350106185	191
327	1352561059	3763
328	1350106186	110
329	1350106187	130
330	1350106187	1510
331	1350106188	999
332	1350106188	100
333	1350106189	975
334	1350106190	130
335	1352561224	1651
338	1352561304	1000
340	1351109055	250
341	1352352780	170
342	1352174753	123
343	1352499525	230
344	1350106191	80
345	1350106191	100
346	1350106192	1200
347	1350106192	104
348	1350106193	180
349	1350106193	128
350	1350106194	100
351	1352561094	470
352	1350106195	150
353	1350106195	134
354	1350106196	595
355	1350106196	220
356	1350106197	220
357	1350106197	116
358	1350106198	999
359	1350106198	116
360	1350106199	180
361	1350106200	180
362	1350106200	180
363	1352561127	580
364	1352560893	195
365	1350106202	899
366	1352488254	600
367	1352175221	690
368	1352174770	960
369	1352297701	900
370	1352297700	240
371	1352174771	990
372	1352174772	800
373	1352297703	800
374	1352174773	999
375	1352453232	3000
376	1352174774	2490
377	1352560708	4000
378	1352534062	230
379	1352534061	250
380	1352561127	210
381	1352533851	250
382	1352560894	699
383	1352533850	230
384	1352560959	450
385	1352560958	2100
386	1352539723	250
388	1350106212	184
389	1352457000	3000
390	1352174780	1849
391	1352174780	2999
392	1352380975	3311
393	1352561180	194
394	1352561361	190
395	1352561086	196
396	1352503121	500
397	1352503236	820
398	1352561086	872
399	1350106218	210
400	1352521730	875
401	1352553433	2300
402	1350106219	180
403	1350106220	180
404	1350106220	260
405	1350106221	125
406	1350106221	100
407	1352561188	8000
408	1352520867	5207
409	1352282515	100
410	1350106224	160
411	1352561100	145
412	1350106225	100
413	1350106226	900
414	1350106226	190
415	1350106227	200
416	1350106227	200
417	1352527310	1445
418	1352561022	1405
419	1352561234	420
420	1352544416	420
421	1352561183	420
422	1352561194	190
423	1352502993	200
424	1352539156	420
425	1352522450	740
426	1352552856	1349
427	1350106233	590
428	1352555025	745
429	1352256602	300
430	1350106236	120
431	1350106237	120
432	1350106237	120
433	1350106238	100
434	1352560899	239
435	1352560900	399
436	1352560899	1274
437	1352548071	3100
438	1352560954	4000
439	1352553019	22000
440	1352560902	23975
441	1352495611	9250
442	1352495608	83500
443	1352550440	10644
444	1352547556	21975
445	1352485071	1700
446	1352485073	1950
447	1352485076	1800
448	1351714749	440
449	1351714756	100
452	1350106246	100
455	1350106247	1350
456	1350106247	1700
457	1352561362	1500
459	1350106248	365
460	1350106249	100
461	1350106249	590
462	1350106250	100
463	1350106250	100
464	1352561212	1438
465	1352560923	465
466	1350106252	599
467	1350106252	990
468	1350106253	100
469	1350106253	100
470	1350106254	100
471	1350106256	100
472	1350106256	190
473	1350106257	195
474	1350106257	100
475	1350106258	130
476	1350106258	999
477	1350106259	130
478	1350106259	999
482	1352470751	999999998
483	1352274033	999999998
484	1352274033	999999998
487	1350106261	100
488	1350106262	195
489	1350106262	310
490	1350106263	588
491	1350106263	250
492	1350106264	522
493	1350106264	240
494	1350106265	266
495	1350106266	100
496	1350106266	100
497	1350106267	236
498	1350106267	125
499	1352560988	678
500	1352561010	100
501	1350106269	180
503	1350106269	162
504	1352561016	2585
505	1352561055	214
506	1350106271	2415
507	1352561081	999
508	1352561080	700
510	1352554951	2000
511	1352554937	1779
512	1352554944	1700
513	1352560927	1299
514	1352561100	1150
515	1352561258	1100
517	1352083785	2000
519	1352364617	3000
521	1352561105	4000
522	1352484991	1700
523	1352561214	1881
524	1350106278	220
527	1352174823	100
528	1352421791	100
529	1352561022	550
530	1352534181	50
531	1352561264	5000
532	1352367858	3000
533	1350106281	100
537	1350106281	289
538	1350106282	260
539	1350106282	102
540	1352352783	108
541	1350106283	240
542	1350106284	260
543	1350106285	116
544	1350106285	200
545	1350106286	116
546	1350106286	114
547	1350106287	1330
548	1352560879	3000
549	1350106288	430
550	1350106288	114
551	1352475248	1650
554	1350106289	475
555	1352561001	338
556	1350106292	120
557	1350106292	185
558	1350106293	128
559	1352561210	105
560	1350106294	275
561	1352520822	3999
562	1350106295	100
563	1350106295	100
564	1350106296	100
565	1350106296	100
566	1350106297	140
568	1350106297	200
569	1350106298	200
570	1350106298	200
571	1350106299	5100
572	1350106299	40000000
573	1350106302	400
574	1350106302	850
575	1350106303	324
576	1350106303	375
577	1350106304	475
578	1350106304	3000
579	1350106305	469
580	1352471086	3050
581	1352533656	1623
582	1352533656	1549
583	1350106307	2200
584	1350106307	2000
585	1350106308	2200
586	1350106308	310
587	1352352782	224
588	1350106309	236
589	1350106310	228
590	1350106311	428
591	1352560969	840
592	1350106312	214
593	1350106312	230
594	1350106313	410
595	1350106313	634
596	1350106314	740
597	1350106314	310
599	1352561174	501
600	1352560998	999
603	1352274034	700000000
604	1352561181	900
610	1350106317	276
611	1350106317	270
612	1350106318	286
613	1350106318	256
614	1350106319	256
615	1350106319	248
616	1350106320	258
617	1352352783	274
618	1351109057	282
619	1350106322	330
620	1352566116	288
621	1350106323	451
622	1350106323	272
623	1352513548	500
624	1352561159	372
625	1352513551	998
626	1352561347	644
627	1352503105	374
628	1350106326	258
629	1350106327	330
630	1350106327	288
631	1352536324	515
632	1350106329	264
633	1350106329	330
634	1352560976	30
635	1352561128	699
638	1352560895	508
639	1350106331	150
640	1350106332	104
641	1350106332	100
642	1352561246	100
643	1352561246	388
645	1352485080	500000000
646	1350106334	100
647	1352485078	999999998
648	1352485087	29000000
649	1352485083	24000000
650	1352485085	32000000
654	1350106337	100
655	1350106337	100
656	1350106338	200
657	1352561280	500
658	1352561276	690
659	1352561279	999
660	1352561278	1895
661	1352561277	590
662	1352561276	967
663	1352561280	799
664	1352561279	1475
668	1350106343	210
669	1350106343	100
670	1350106344	190
671	1350106344	160
672	1350106345	100
673	1350106345	140
674	1350106346	188
679	1350106346	990
680	1350106347	1683
681	1350106347	997
682	1350106348	990
683	1350106348	965
684	1350106349	980
685	1352470931	475000000
686	1352561013	1000
687	1352547965	500
688	1352534117	130
689	1352489829	8400
690	1352493796	9600
692	1352510834	999995000
693	1352561078	600
694	1352561107	100
696	1352561036	850
697	1352457005	776
698	1352457109	10000
699	1352457108	27777
700	1352503031	699
701	1352415087	2770
702	1352174899	10975
703	1352561063	978
704	1352561074	1000
705	1352536327	1000
706	1352536327	7875
708	1352561216	300
711	1352489765	6600
712	1352489765	6275
713	1352306297	3000000
714	1352489765	3299
715	1352560896	2095
716	1352560896	3250
717	1352499565	88000
718	1352560897	3000
719	1352561193	17600
720	1352489833	16000
721	1352238099	1750000
722	1352219296	8490
723	1350106366	149
724	1350106366	235
725	1352469840	999999998
739	1352561297	100
740	1352561297	291
741	1350106368	100
742	1350106369	100
743	1350106369	680
744	1352562806	24
747	1350106370	605
749	1350106371	999
750	1350106371	925
751	1350106372	200
752	1350106372	420
753	1350106373	114
754	1350106373	999
755	1350106374	625
756	1350106374	625
757	1350106375	435
758	1350106375	450
759	1352553084	2445
760	1352536119	154
761	1352536118	5000
762	1350106377	3400
763	1352553082	9500
764	1350106378	7500
765	1352553083	5900
766	1352520751	6000
767	1352484861	2840
768	1352561272	383
770	1352484902	3666
771	1352561299	674
772	1352561034	999
773	1352560903	695
774	1352484850	6500
776	1352561105	190
777	1352380987	230
778	1352299960	210
779	1352297013	3495
780	1352542738	850
781	1352524071	4444
783	1352471095	100000000
784	1350106387	90000000
786	1350106388	100
787	1350106388	100
788	1350106389	200
789	1350106389	150
790	1350106390	1300
791	1352471152	700000000
793	1352531906	730
794	1352532017	800
795	1350106392	999999998
796	1352274040	780000000
797	1350106393	1683
798	1350106393	962
799	1350106394	990
800	1350106394	100
801	1350106395	985
804	1350106395	800
805	1350106396	899
806	1350106396	790
807	1350106397	650
808	1350106397	3175
809	1350106398	2400
810	1350106398	2400
811	1350106399	3200
812	1350106399	1839
813	1350106400	4949
814	1350106400	4750
815	1350106401	4800
816	1350106401	4865
817	1350106402	3401
819	1352561148	264
820	1352561295	255
821	1352560940	250
822	1352561254	561
823	1352560965	315
824	1352561004	266
825	1352561027	250
826	1352560985	261
827	1350106406	200
828	1352541796	152
829	1350106407	100
830	1350106408	154
831	1352561253	500
832	1352561117	1400
833	1352561346	200
834	1352560977	190
835	1352561216	180
836	1350106411	156
837	1350106411	75000000
838	1352274041	900000000
839	1350106412	300000000
840	1352274042	500000000
841	1350106413	335
842	1350106414	125
843	1350106414	600
844	1350106415	115
848	1352561093	400
849	1352524008	3799
850	1352561137	150
851	1352561202	150
852	1352542314	150
853	1352385755	9399
854	1352534194	150
855	1352534209	699
856	1352534158	298
857	1352534086	250
858	1352524014	700
859	1352524015	999
860	1352524015	1948
861	1352524018	3499
862	1352561136	150
863	1352534163	150
864	1352524020	347
865	1352561120	150
866	1352352780	100
867	1350106425	3399
869	1350106426	770
871	1352534078	300
873	1352534140	500
874	1352493843	500
875	1350106427	59500000
876	1350106428	30000000
877	1350106428	71000000
878	1350106429	39000000
880	1350106429	400
881	1352534196	695
882	1350106430	150
883	1352352791	200
884	1350106431	120
885	1350106432	130
886	1350106432	174
887	1352553437	799
888	1352486929	999
889	1350106434	200
890	1350106434	130
893	1350106435	367
894	1352471118	900000000
895	1352499570	7100000
896	1352541602	8000000
897	1352274044	400000000
898	1352274044	999999998
899	1352470565	75000000
900	1352499570	969
901	1352438682	2750
902	1352075898	6300
903	1350106440	999999998
905	1352561366	111
906	1352561217	100
907	1352561154	100
908	1352561854	100
909	1352542318	100
910	1351109060	245
911	1352542307	100
912	1352492364	790
913	1352553375	100
915	1352453233	15000
918	1352274047	250000000
919	1352274047	250000000
920	1352274047	100000000
921	1350106448	663000
922	1352453234	400000
923	1352164872	8875
924	1352471022	750000000
925	1352499571	4999
926	1352561079	1425
927	1350106451	999999998
931	1350106451	185
932	1350106452	300
933	1350106452	157
934	1350106453	199
935	1352271511	2333000
936	1352469720	25000000
937	1352164872	380
938	1352481326	50000000
939	1352470098	430000000
940	1352499571	2750000
941	1352274050	49000000
942	1352370805	900000
943	1352370805	925000
944	1352370805	900000
945	1352520847	59000000
946	1352520838	59000000
947	1352520882	59000000
948	1352520844	987654321
949	1352520836	999999998
950	1352520740	987654321
951	1352274057	999999998
952	1352174969	69750
953	1352075899	16000
954	1316106714	999999995
955	1352489736	50000
956	1350106464	199
957	1350106464	142
958	1350106465	150
959	1352539743	659
960	1352560962	15977
961	1352471030	750000000
962	1352075899	215000
963	1352561320	495
964	1352561321	600
965	1352561319	540
966	1352561319	620
967	1352561315	700
968	1352561310	19500
969	1352561319	290
970	1352561318	300
971	1352534213	300
972	1352561310	225
973	1352561319	280
974	1352561316	200
975	1352561320	350
976	1352561312	375
977	1352534212	200
978	1352561320	295
979	1352561317	270
980	1352561313	250
981	1352561317	220
982	1352561311	450
983	1352561314	350
984	1352561321	300
985	1352561317	220
986	1352561318	300
987	1352503200	250
988	1352561314	460
989	1352561312	2500
990	1352561317	1775
991	1352476577	3222222
992	1352424087	3600000
993	1352424088	3222222
994	1352468921	3011011
995	1350106484	2469
998	1350106484	80
999	1352485094	8999
1000	1352561141	5000
1003	1350106485	70
1004	1350106485	189
1005	1350106486	100
1006	1350106486	950
1007	1352560969	765
1008	1352563681	1300
1009	1350106488	180
1010	1350106489	190
1011	1350106489	130
1012	1350106490	392
1013	1350106490	130
1014	1350106491	160
1015	1350106491	170
1016	1350106492	1595
1017	1350106492	980
1018	1350106493	1320
1019	1350106493	2070
1020	1350106494	1165
1021	1350106494	1100
1022	1351885448	999
1023	1352520843	60000000
1024	1352470305	59000000
1025	1352520881	59000000
1026	1352174994	475
1027	1352500419	100
1028	1352550077	100
1029	1352561085	873
1030	1352561180	899
1031	1352561362	611
1032	1352561056	1700
1033	1352561055	120
1034	1352503064	280
1035	1352503121	280
1036	1352503235	280
1037	1352561055	1500
1038	1352560974	1445
1040	1352304549	100000000
1041	1350106503	2398
1042	1352489874	14997
1043	1352489874	15000
1044	1352489874	15000
1045	1352380992	2375
1047	1352274063	450000000
1048	1350106506	2888
1049	1350106507	550
1050	1350106507	249
1051	1352561212	100
1052	1350106508	489
1053	1350106509	445
1054	1350106509	450
1055	1352560924	299
1056	1350106510	4699
1057	1350106511	249
1058	1350106511	300
1059	1352561202	299
1060	1350106513	999
1061	1350106513	210
1062	1350106514	995
1063	1352523196	160
1064	1350106515	999
1065	1350106515	2000
1066	1350106516	357
1067	1352561118	169
1068	1350106517	6000
1069	1350106517	8560
1070	1350106518	9440
1071	1352560917	250
1072	1350595726	999
1073	1350595726	1000
1074	1350595726	1800
1075	1352561165	313
1076	1351109061	378
1077	1352352788	577
1078	1351714825	380
1079	1352561364	700
1080	1352561171	300
1081	1352511022	965000000
1082	1352075904	19999
1083	1352274063	500000000
1084	1352175011	5000
1085	1352493522	999
1086	1352502987	966
1087	1352493522	4242
1088	1352493514	1885
1089	1352493519	6799
1090	1352560963	2500
1091	1352493514	5275
1092	1352493518	6840
1093	1352493627	1070
1094	1352560963	19900
1095	1352527067	29500
1096	1352493518	31900
1097	1352560961	30300
1098	1352560964	30000
1099	1352560962	50000
1100	1352561056	1690
1101	1352533969	399
1102	1352524022	150
1103	1352493520	25000
1104	1352534209	350
1105	1352495609	40500
1106	1352495612	29000
1107	1352485065	55000
1108	1352493517	24000
1109	1352495610	3500000
1110	1352499580	1800000
1111	1352495610	41000
1112	1352517556	23899
1113	1352560962	23899
1114	1352561323	499
1115	1352561299	140
1116	1350106540	936
1123	1350106541	100
1124	1350106541	999
1126	1350106542	999
1127	1350106542	199
1128	1350106543	575
1129	1352484907	9500
1131	1352470945	999999998
1133	1352561278	1100
1134	1352498548	999
1135	1352561268	100
1136	1352561269	349
1137	1352561268	275
1138	1352561155	6495
1139	1350106548	6900
1140	1350106548	8500
1141	1350106549	6900
1142	1350106549	4000
1143	1350106550	10800
1144	1350106550	6804
1145	1350106551	5995
1146	1350106551	5995
1147	1350106552	6900
1148	1352352780	495
1149	1350106553	245
1150	1350106553	110000
1151	1352561046	410
1152	1352274064	45000000
1153	1350106555	15444
1154	1350106555	399500
1157	1352561357	960
1158	1352561144	100
1159	1350106557	600
1160	1350106557	110
1161	1350106558	200
1162	1352352785	300
1163	1350106559	100
1164	1352489834	2000
1165	1352421801	1900
1166	1352524019	900
1222	1352469199	17000000
1236	1350106561	189000000
1238	1352524023	139
1239	1352524023	400
1240	1352524024	100
1241	1352524025	200
1242	1352274066	198000000
1243	1352175034	4410
1251	1350106565	235
1252	1350106565	100
1253	1350106566	175
1254	1350106566	290
1255	1350106567	927
1256	1350106567	900
1257	1350106568	999
1260	1352274066	50000000
1261	1350106568	500
1262	1352274067	24900000
1263	1352274067	96000000
1264	1352499585	6200
1273	1352498503	101
1275	1352456009	300
1276	1352471039	900000000
1277	1352520800	280
1278	1352456008	290
1279	1352485038	290
1280	1352503122	900
1281	1352503122	899
1282	1352503236	700
1283	1352503235	990
1284	1352456008	7275
1285	1352503065	872
1286	1352503042	700
1287	1352503042	600
1288	1352456006	2100
1289	1352503050	800
1291	1352541603	100000000
1292	1352485058	100
1293	1352503143	180
1294	1352383736	180
1295	1352503145	200
1296	1352383735	1395
1297	1352503145	180
1298	1352503144	4400
1300	1352489808	20095
1301	1352524095	2000
1302	1350106584	400
1304	1352499586	750000000
1305	1352499586	999
1307	1352470441	559995000
1308	1352321098	50000000
1309	1352168053	3995
1310	1352175043	999
1311	1352499586	19000000
1317	1352175043	12999
1318	1352175489	16000
1319	1352407930	800
1320	1350106589	197500
1321	1352453236	22000
1322	1352499587	22300000
1323	1352510169	18000000
1324	1352510169	19950000
1325	1352510169	19400000
1326	1352533956	100
1327	1352533915	150
1328	1352533914	100
1329	1352533957	386
1330	1352533956	290
1331	1352533915	100
1332	1352390334	900
1333	1352485349	400
1334	1350106596	104
1335	1352175054	582
1336	1352485345	349
1338	1352553410	564
1339	1352554570	315
1340	1352554569	1490
1341	1352175056	700
1342	1352503947	2400
1343	1352485103	2500000
1344	1352181756	2172
1345	1352553448	673
1346	1352227167	100
1347	1352175057	11000
1348	1352302713	36000
1349	1352499588	100000000
1350	1352053461	19999
1351	1352561048	200
1352	1350106605	200
1358	1352499589	17777777
1359	1352485108	2800000
1360	1352499589	999999998
1361	1352560994	400
1363	1352515114	22898
1364	1352534137	150
1365	1350106609	700
1366	1350106609	900
1367	1350106610	2000
1368	1350106610	1888
1369	1350106611	800
1370	1352503142	2500
1371	1352457004	4000
1372	1352534172	210
1373	1352499589	44000000
1374	1352075915	3395
1375	1352553494	650
1376	1352553495	900
1377	1352428455	600
1378	1352428455	1000
1379	1352271501	600
1381	1352175067	100000
1382	1352525881	17500
1383	1352175067	200
1384	1350106618	600
1385	1350106618	115
1386	1350106619	250
1387	1352175069	2999
1388	1352175069	900
1389	1352444170	150
1390	1352498830	105
1391	1352498828	282
1392	1352183496	2910
1393	1352421814	1000
1394	1352175075	630
1395	1352421818	46900
1396	1352473350	11950
1397	1352175076	9700
1398	1352115396	18000
1399	1352175077	11300
1400	1352175077	17000
1401	1352175077	42000
1402	1352175078	49000
1403	1352267197	350000
1404	1352267198	350000
1405	1352370812	370000
1406	1350106629	88000
1407	1350106629	700000
1408	1350106630	89901
1410	1352421816	999
1411	1352499591	150000000
1412	1352517048	575
1413	1352553696	1935
1414	1352503113	290
1415	1352527705	2000
1416	1352489677	6799
1417	1352520533	74800
1418	1352534124	150
1419	1352534204	600
1423	1352499591	20000000
1424	1352541603	25000000
1425	1352469105	999999998
1426	1352469113	999999998
1427	1352390375	500000000
1429	1352523157	3000
1433	1352523145	999
1434	1352523144	4000
1435	1352524025	299
1436	1352485017	4400
1437	1352484848	100
1438	1352561336	100
1439	1352561091	180
1440	1352560972	545
1441	1352561270	185
1442	1352561281	120
1443	1352561248	100
1444	1352561336	120
1445	1352561091	120
1446	1352560972	160
1447	1352561270	120
1448	1352561281	120
1449	1352561248	200
1450	1352352792	374
1451	1352352785	517
1452	1352352791	550
1453	1352352779	425
1454	1352352781	409
1455	1352352791	647
1461	1352561274	600
1462	1352561019	100
1463	1352561225	100
1464	1352561249	2515
1465	1352380993	100
1466	1352416522	500
1467	1352533830	525
1468	1352183161	240
1469	1352175104	1068
1470	1352380990	160
1471	1352175105	427
1472	1352188110	825
1473	1352175106	926
1474	1352175107	1068
1475	1352503122	300
1476	1352175107	498
1477	1352175108	641
1478	1352534245	900
1479	1352175108	1068
1480	1352499592	225
1481	1352321100	375
1482	1352561176	600
1483	1352561333	825
1484	1352311259	1050
1485	1352561132	990
1488	1352499592	199990042
1489	1352453237	30000
1490	1350106664	300
1491	1350106664	220
1492	1350106665	224
1493	1350106665	240
1494	1352527316	11900
1496	1351714831	14000
1497	1350106667	15000
1498	1352499594	99999999
1512	1352562599	250
1513	1352534046	300
1514	1352562588	200
1515	1352562199	150
1519	1350106668	55000000
1527	1352164874	9250
1528	1352380990	999
1529	1352175117	16000
1530	1352175117	1300
1531	1352267213	3895
1532	1352267212	2695
1533	1352267212	2865
1536	1352499594	30000000
1537	1352453237	9350
1539	1352302510	200000000
1540	1352274073	999999998
1541	1352274074	749875000
1542	1352274074	999999998
1543	1352274074	72900000
1544	1352274075	749875000
1545	1352470998	749875000
1546	1352471046	999999998
1547	1352560970	4000
1548	1352561043	4000
1549	1350106678	1000
1551	1350106678	2250
1552	1350106679	2407
1553	1350106679	2245
1554	1350106680	2145
1555	1350106680	2300
1556	1350106681	2135
1557	1350106681	2395
1558	1350106682	2297
1559	1352560018	1995
1560	1350106683	2400
1561	1350106683	1000
1562	1350106684	2395
1563	1350106684	5045
1564	1350106685	4860
1565	1350106685	5114
1566	1350106686	4930
1567	1350106686	5070
1568	1350106687	5255
1569	1350106687	5065
1570	1350106688	5100
1571	1350106688	4390
1572	1350106689	4261
1573	1350106689	4960
1574	1350106690	5480
1575	1350106690	5500
1576	1350106691	5295
1577	1350106691	4950
1578	1350106692	5499
1579	1350106692	5500
1580	1350106693	5590
1581	1350106693	5700
1582	1350106694	5970
1583	1350106694	5700
1584	1350106695	5875
1585	1350106695	5500
1586	1350106696	5480
1587	1350106696	1200
1588	1350106697	1439
1589	1350106697	1250
1590	1350106698	1350
1591	1350106698	1185
1592	1350106699	4950
1593	1350106699	4890
1594	1350106700	4900
1595	1350106700	4900
1596	1350106701	4950
1606	1350106701	40000000
1607	1352561125	1254
1608	1352533967	446
1609	1352516318	545
1610	1352523015	2250
1611	1352484883	985
1612	1352502991	775
1613	1350106705	300
1614	1352561356	170
1615	1352489693	3000
1616	1352489694	3000
1617	1352489693	6305
1618	1352175139	2495
1619	1352559397	5300
1620	1352499596	650
1621	1352274076	49500000
1622	1352525447	2997
1623	1352164875	22000
1624	1352520674	2590
1625	1352534007	890
1626	1352557113	300
1627	1352503134	675
1628	1352527706	1090
1629	1352489840	3800
1630	1352378598	6305
1631	1352175142	47
1635	1352560770	2240
1637	1352492827	430
1638	1352514083	599
1639	1352483133	400
1640	1352492907	390
1641	1352482682	400
1642	1350106717	10500000
1643	1350106717	4250000
1644	1352545372	2799
1645	1352484859	2888
1646	1352545599	2857
1647	1352490563	2857
1648	1352560771	2874
1650	1352566131	947
1651	1350106721	720
1652	1352181756	1261
1653	1352541604	22500000
1655	1352561354	120
1657	1352175149	76
1658	1352533909	100
1659	1352533941	100
1660	1352534136	100
1661	1352274078	999999998
1662	1352274078	999999998
1663	1352274078	700000000
1664	1352274079	999999998
1665	1352274079	999999998
1666	1352274080	750000000
1668	1352561275	909
1669	1352561280	898
1673	1352561065	219
1675	1350106729	100
1676	1350106730	100
1677	1350106730	100
1679	1352484916	650
1680	1352484938	600
1681	1352484954	2000
1682	1352484933	500
1683	1352484931	800
1684	1352485036	7750
1685	1352503187	581
1686	1352503187	700
1687	1352551524	69000000
1688	1352484945	999
1690	1352561046	410
1691	1352561047	410
1692	1352561225	300
1693	1352561019	795
1694	1352561037	500
1695	1352533658	1000
1696	1350106739	132
1697	1350106739	999
1698	1350106740	327
1699	1350106740	168
1700	1350106741	272
1701	1350106741	300
1702	1352533839	689
1703	1352499598	14250000
1704	1352561218	100
1705	1350106743	100
1706	1352484913	800
1707	1352484940	2999
1708	1352484947	1700
1709	1352520804	2000
1710	1352561358	900
1711	1352560940	2177
1712	1352561037	4850
1713	1352503178	900
1714	1352560946	699
1715	1352484959	600
1716	1352485033	600
1717	1352484987	600
1718	1352484962	600
1719	1352503131	899
1720	1352502998	150
1721	1352560732	1900
1722	1352503048	130
1723	1352503142	900
1725	1352560709	1000
1726	1352515665	950
1727	1352506003	1000
1728	1352485010	4999
1729	1352485006	4200
1730	1352484973	7754
1731	1352561267	776
1732	1352348585	7000
1733	1352561089	776
1734	1352561296	22000
1735	1352561143	3669
1736	1352560951	3549
1737	1352561240	800
1738	1352561073	900
1739	1352561201	4000
1740	1352560941	899
1741	1352484982	10000
1742	1352484969	2500
1743	1352485013	5181
1744	1352484964	3041
1745	1352484976	15300
1746	1352561292	3500
1747	1352503172	210
1748	1352484978	3221
1750	1350106765	100
1751	1350106766	100
1752	1352561110	100
1753	1350106767	100
1754	1352561024	130
1755	1350106768	170
1756	1350106769	190
1757	1350106769	210
1758	1352561278	998
1759	1352484919	2000
1760	1352485120	5000
1761	1352484887	2000
1762	1352503037	873
1763	1352503037	969
1767	1352429202	100000
1768	1352553423	1990
1769	1350106774	999
1770	1350106774	999
1771	1352561236	3900
1772	1350106775	100
1773	1350106776	129
1774	1350106776	100
1775	1350106777	200
1776	1350106779	100
1777	1350106779	998
1778	1350106780	200
1779	1350106780	100
1780	1350106781	240
1781	1352503023	485
1782	1352561208	895
1783	1350106782	100
1784	1350106783	398
1785	1350106783	260
1786	1352561242	600
1787	1352560897	900
1788	1352542958	400
1789	1352521730	3400
1790	1350106786	110
1791	1350106786	110
1792	1352499605	17900000
1793	1352561192	100
1794	1350106788	100
1795	1352382557	550000000
1796	1352175198	9600
1798	1350106789	101
1800	1352175199	3900
1801	1352175090	2945
1802	1352553393	100
1803	1352553406	185
1804	1352553409	100
1805	1352553393	191
1806	1352499606	100
1807	1352553408	100
1808	1352553407	100
1809	1352553393	100
1810	1352510199	100
1811	1352553409	100
1812	1352553394	500
1813	1352553392	100
1814	1352553408	100
1815	1352499606	100
1816	1352553391	100
1817	1352499607	100
1818	1352499607	172
1819	1352553391	100
1820	1352553410	100
1821	1352499608	100
1822	1352499608	100
1823	1352553409	100
1824	1352553394	100
1825	1352553392	100
1826	1352553408	100
1827	1352489722	294
1828	1352553406	145
1829	1352553392	100
1830	1352553406	100
1831	1352533955	183
1832	1352499608	100
1833	1352499609	100
1834	1352553407	100
1835	1352553407	195
1836	1352499609	100
1837	1352499609	190
1838	1352499610	100
1839	1352533954	200
1840	1352553398	100
1841	1352499610	100
1842	1352553396	100
1843	1352553395	100
1844	1352499611	190
1845	1352553398	100
1846	1352499611	100
1847	1352553396	190
1848	1352499611	100
1849	1352499612	178
1850	1352553399	195
1851	1352553401	199
1852	1352553404	100
1853	1352499612	100
1854	1352553402	100
1855	1352499613	180
1856	1352553404	100
1857	1352553404	190
1858	1352553399	100
1859	1352553402	100
1860	1352553405	100
1861	1352499613	100
1862	1352553405	100
1863	1352489721	500
1864	1352553397	100
1865	1352553403	100
1866	1352553394	100
1867	1352499613	100
1868	1352488239	100
1869	1352488258	145
1870	1352553397	100
1871	1352553403	179
1872	1352499614	100
1873	1352499614	100
1874	1352488258	192
1875	1352499614	185
1876	1352499615	100
1877	1352533954	100
1878	1352553395	100
1879	1352553400	199
1880	1352499615	100
1881	1352553402	345
1882	1352553395	100
1883	1352553397	100
1884	1352499616	100
1885	1352499616	100
1886	1352553400	100
1887	1352499616	100
1888	1352499617	164
1889	1352553401	199
1890	1352553399	190
1891	1352499617	100
1892	1352553396	100
1893	1352499618	100
1894	1352553398	100
1895	1352499618	100
1896	1352553400	100
1897	1352553403	100
1898	1352553405	194
1899	1352553401	150
1900	1350106841	245
1901	1350106841	285
1902	1350106842	250
1903	1350106842	250
1904	1350106843	250
1905	1350106843	199
1906	1350106844	249
1907	1350106844	100
1910	1352560964	16725
1911	1352560964	18900
1912	1352560961	21460
1913	1352493525	995
1914	1352493523	999
1915	1352493524	800
1917	1350106848	500
1918	1350106848	505
1921	1350106849	100
1922	1350106849	250
1923	1350106850	200
1927	1352493528	33400
1928	1352183308	395
1929	1350106851	320
1930	1350106852	320
1931	1350106852	320
1932	1350106853	320
1933	1350106853	260
1934	1350106854	480
1935	1350106854	499
1936	1350106855	999
1937	1350106855	240
1938	1350106856	240
1939	1350106856	110
1940	1352560881	2500
1941	1352533910	400
1942	1352560956	979
1943	1352560956	400
1944	1352560956	400
1945	1352533909	400
1946	1352533909	900
1947	1350106861	260
1948	1350106861	260
1949	1350106862	252
1950	1352560932	400
1951	1350106863	985
1952	1350106863	100
1953	1350106864	172
1954	1350106864	995
1956	1350106865	100
1957	1352566119	100
1958	1352566120	140
1959	1352566121	1230
1960	1352566117	1600
1961	1352498486	100
1962	1352175243	980
1963	1350106868	475
1964	1350106869	700
1965	1350106869	400
1967	1352470121	95000000
1968	1352311273	22500
1969	1352075927	8995
1970	1352470380	145000000
1971	1352499629	10000000
1972	1350106872	999
1998	1352523207	14299
1999	1352561282	125
2000	1352175246	54760
2001	1352259996	4000
2002	1352547955	3250
2003	1352521174	3400
2004	1352260009	41069
2005	1352175248	3736
2006	1352260036	5465
2007	1352260043	4300
2008	1352260056	3741
2009	1352175249	16000
2010	1352175250	3579
2011	1352175250	4750
2012	1352453237	24557
2013	1352175250	4720
2014	1352175251	3461
2015	1352260021	4703
2019	1352485129	1600
2020	1350106883	495
2021	1350106883	140
2022	1350106884	199
2023	1352561044	170
2024	1351205794	2540
2025	1350106885	146
2026	1350106886	2490
2027	1351205794	3294
2028	1350106887	4745
2029	1352561087	600
2030	1352561130	590
2031	1352560992	1040
2032	1352560942	500
2033	1352561219	650
2034	1352561358	675
2040	1352561177	300
2041	1352561021	300
2042	1352561016	300
2043	1352561134	300
2045	1350106892	170
2046	1350106893	2120
2047	1350106893	170
2049	1350106894	259
2053	1352453238	10100
2055	1350106895	150
2056	1350106895	150
2057	1350106896	445
2058	1350106896	890
2059	1352352792	100
2060	1350106897	650
2061	1350106898	660
2062	1350106898	669
2063	1350106899	143
2065	1352561172	300
2066	1352561104	895
2067	1352561224	300
2068	1352561304	300
2069	1352560908	665
2070	1352560995	975
2071	1352561181	400
2079	1352561136	2000
2080	1352493810	2299
2081	1352370814	2000
2082	1352524085	1000
2083	1352421824	3888
2084	1352524026	5200
2085	1351109053	350
2086	1351714823	615
2087	1352352785	800
2088	1352560985	100
2089	1352453238	2899
2090	1352509826	8900000
2091	1350106909	600
2092	1350106910	200
2093	1350106910	230
2094	1350106911	100
2095	1352561331	2000
2096	1350106912	22000
2097	1352274082	41483000
2108	1352503147	800
2109	1352227162	100
2110	1352489871	9000
2111	1352516430	645
2113	1352181565	900
2114	1352180887	300
2115	1352380989	2095
2116	1352499636	776
2117	1352175293	70000
2120	1352539751	336
2121	1352533852	160
2122	1352457108	4300
2123	1352561018	190
2125	1352561363	699
2126	1352560939	250
2127	1352561354	250
2128	1352561341	150
2129	1352534122	110
2130	1352457003	4900
2131	1352175300	999
2132	1352175300	1500
2133	1352533970	100
2134	1352457107	10000
2135	1352346700	500
2136	1352473349	2780
2137	1352175302	1750
2138	1352534135	100
2139	1352175303	16999
2140	1352499636	550
2141	1352175303	2800
2142	1352514999	695
2143	1352164876	699
2144	1352164876	2400
2145	1352499637	1982
2146	1352421828	24975
2147	1352533965	998
2148	1352421830	1455
2151	1350106932	248
2152	1352172361	999
2153	1352175305	4000
2154	1352499637	497
2155	1352499638	795
2156	1352499638	6999
2157	1352499638	3000
2158	1352499639	975
2159	1352175305	2000
2160	1352499639	1350
2161	1352499640	1410
2162	1352392672	885
2163	1352499640	6500
2164	1352499640	990
2165	1352175305	6858
2166	1352499641	2900
2167	1352499641	1200
2168	1352380986	2475
2169	1352175306	1530
2170	1352175306	999
2171	1352456010	2999
2172	1352175307	2984
2185	1352175308	5600
2190	1352499641	10000000
2191	1352164876	11000
2192	1352501192	313
2193	1350106945	900
2194	1350106945	999
2195	1350106946	1690
2196	1350106946	4000
2197	1350106947	23000
2198	1351194421	23600
2199	1350106948	13000
2200	1351714827	22500
2201	1352499642	70000
2202	1352175314	21500
2203	1352271501	29900
2204	1352175315	35300
2205	1352257742	119900
2207	1352175315	885000
2208	1352499642	1350000
2209	1352370807	285000
2210	1352175319	143900
2211	1352175319	164000
2212	1352499643	200000
2214	1352515376	400000
2215	1352267223	499000
2216	1352370818	500000
2217	1350106956	2400
2218	1350106956	3500
2219	1352267223	495000
2220	1352499643	1700
2221	1352469926	20000000
2222	1352470050	54999999
2223	1352390377	999999998
2224	1352424855	25000000
2225	1352390377	999999998
2226	1352469909	999666999
2227	1352515483	1498888
2228	1352515495	250000
2229	1352515536	700000
2230	1352175322	999
2231	1350106962	3750
2232	1350106963	999
2233	1351714750	8887
2234	1350106964	2789
2235	1350106964	999
2237	1350106965	244
2238	1350106965	339
2239	1350106966	650
2240	1350106966	170
2241	1350106967	700
2242	1351109057	310
2243	1350106968	670
2244	1350106968	645
2245	1352435919	250000
2246	1352561114	16460
2247	1352175764	100000
2248	1352187643	4500
2249	1352520787	4000
2251	1352533888	600
2252	1352560950	999
2253	1352520802	999
2254	1352520802	2999
2255	1352457104	9300
2256	1352561040	4100
2257	1352561214	3724
2262	1351889419	375
2263	1351889419	600
2264	1350106976	132
2265	1351889419	1500
2269	1350106977	4999
2270	1352520789	2475
2271	1350106978	250
2272	1350106978	250
2273	1350106979	245
2274	1350106979	245
2275	1350106980	245
2276	1350106980	295
2283	1352561233	100
2284	1352561182	100
2285	1352538092	100
2303	1352499650	19800000
2304	1352534238	300
2305	1352534113	555
2306	1352534096	200
2307	1352527313	867
2308	1352527310	199
2309	1352527313	920
2316	1352390378	8000
2327	1352562477	1000
2328	1350106987	1400
2336	1352561120	679
2337	1352561213	500
2338	1352566197	245
2339	1350106989	105
2340	1350106989	850
2341	1352560916	150
2342	1350106990	100
2343	1350106991	160
2348	1352561350	300
2349	1352561042	300
2350	1352560907	300
2351	1352561293	300
2352	1352561025	1100
2353	1352560908	660
2354	1352560973	345
2355	1352561083	200
2356	1352561334	170
2357	1352561042	500
2361	1352561087	700
2362	1352553481	1200
2363	1352498502	1200
2364	1352542761	1845
2365	1352551973	13000
2366	1352546643	4400
2367	1350106999	300
2368	1352561032	1100
2369	1352561025	170
2370	1350107001	350
2371	1352561067	2500
2372	1352175353	65000
2373	1350107003	3450
2374	1352554324	440
2375	1350107004	4374
2376	1350107004	4534
2377	1350107005	5472
2378	1350107005	2495
2379	1352527314	2875
2380	1352499651	42666666
2381	1352075932	4845
2385	1352560932	678
2386	1352561104	675
2387	1352561047	675
2388	1352561347	1288
2389	1350107009	215
2390	1352560893	969
2391	1352554330	1350
2392	1352560755	323323
2393	1352501371	2270
2394	1352370815	1700
2395	1352457110	2900
2396	1352560957	325
2397	1352560989	260
2398	1352561014	1140
2399	1352561010	1150
2400	1352561151	300
2401	1352560907	1100
2402	1352561043	170
2419	1352517912	12899
2420	1352527312	5750
2421	1352524068	7600
2422	1352552553	13269
2423	1352552553	4999
2424	1352555453	13500
2425	1352528413	1245
2426	1352530995	7000
2427	1352549082	9000
2428	1352525147	873
2429	1352525140	3500
2430	1352525148	9890
2431	1352525139	1999
2432	1352525146	2995
2433	1352525144	11500
2434	1352525143	3275
2435	1352525137	2700
2436	1352516204	13800
2437	1352492346	3100
2438	1352552551	4464
2439	1352525146	1700
2444	1350107027	475
2445	1352421832	565000
2446	1352175370	12500
2447	1352531637	9800000
2448	1352453239	20000
2449	1352492353	29200
2450	1352561012	800
2451	1352561061	1000
2452	1352561360	700
2454	1350107031	999
2455	1352560901	999
2456	1352502953	860
2457	1352561357	936
2458	1352502954	100
2459	1352503194	484
2460	1352503235	466
2467	1352533879	500
2474	1351714756	100
2475	1352560966	990
2476	1352560966	188
2477	1352560966	1200
2478	1352499556	1000
2479	1352560988	110
2480	1352560988	799
2481	1352503002	700
2482	1352503002	900
2483	1352502954	1400
2484	1352520792	142
2485	1352560967	900
2486	1352503003	350
2487	1352534023	250
2488	1352534247	240
2489	1352372077	1200
2490	1352175382	1199
2491	1352557520	100
2492	1352561332	599
2493	1352561282	139
2494	1352561158	4000
2495	1352560974	4000
2496	1352561241	4000
2502	1352175388	6000
2503	1352480490	1729
2504	1352537638	1875
2505	1352480489	1995
2506	1352560906	100
2507	1352560960	100
2508	1352560907	150
2509	1352561178	150
2510	1352561219	1200
2511	1352539008	2350
2512	1352561086	1900
2519	1350107052	1195
2520	1350107053	257
2521	1350107054	290
2522	1350107054	485
2523	1352561143	450
2524	1350107055	110
2525	1350107056	1750
2526	1350107056	1714
2527	1350107057	4800
2528	1350107057	933
2529	1350107058	2195
2530	1350107058	1870
2531	1350107059	4975
2532	1350107059	900
2533	1350107060	1800
2534	1350107060	1774
2535	1350107061	4740
2536	1350107061	174
2537	1352560887	250
2538	1352561197	150
2539	1352560889	999
2540	1350107064	1700
2541	1352390379	14600000
2542	1352553438	200
2543	1352553493	200
2544	1352527705	900
2545	1352539188	1500
2546	1352528350	1200
2562	1352528441	790
2563	1352534144	621
2565	1352489688	395
2569	1352560889	899
2570	1352533844	261
2571	1352560890	150
2572	1352560890	150
2573	1352560891	150
2574	1352560890	150
2575	1352560939	350
2576	1352561089	230
2577	1352561045	675
2579	1350107073	500
2580	1352561228	100
2581	1352561077	190
2582	1352485051	1095
2583	1350107076	135
2584	1350107076	999
2585	1352557690	270
2586	1352557697	270
2587	1352557694	270
2588	1352561200	270
2589	1350107079	130
2590	1350107079	4100
2591	1350107080	3111
2592	1352552549	13985
2593	1350107081	3800
2594	1350107081	6390
2595	1352563278	24
2596	1350107082	300
2597	1350107083	899
2598	1350107083	300
2600	1350107084	200
2604	1350107084	400
2605	1350107085	100
2606	1350107085	499
2607	1352534103	399
2608	1352561174	260
2609	1352489822	395
2610	1352533965	349
2611	1352561174	400
2612	1350107088	700
2613	1350107089	150
2614	1350107089	3800
2615	1350107090	180
2616	1350107090	165
2617	1352560911	2300
2618	1350107091	732
2619	1352175429	1300
2620	1350107092	180
2621	1352520791	1800
2622	1352489840	1825
2623	1352561209	600
2624	1352437298	1414
2625	1352560904	999
2626	1352489666	1700
2627	1352520792	1296
2628	1352520793	1129
2629	1352520793	500
2631	1350107097	150
2632	1350107098	230
2633	1352561177	450
2634	1350107099	100
2635	1352561211	199
2636	1352534088	719
2637	1352561043	700
2638	1352433807	970
2639	1352553968	80
2640	1350107102	625
2641	1352502960	700
2642	1350107103	600
2643	1350107103	750
2644	1350107104	123
2645	1350107104	110
2646	1350107105	110
2647	1350107105	120
2648	1350107106	110
2650	1352421835	35000000
2651	1352499661	7777
2652	1350107107	7500
2653	1350595724	999
2654	1350107108	999
2655	1352551437	680
2657	1350107109	715
2658	1350107110	770
2659	1352175447	17400
2660	1350107111	7800
2661	1350107111	7499
2662	1352489734	13750
2663	1352489689	7500
2664	1352524078	6500
2665	1352527312	189
2666	1352517921	1085
2667	1352528344	2184
2668	1350107115	130
2669	1350107115	625
2670	1350107116	100
2671	1350107116	790
2672	1352558502	100
2673	1352533879	100
2674	1352502966	175
2675	1350107118	500
2676	1350107119	500
2677	1350107120	500
2679	1352561264	300
2680	1352561256	300
2681	1352561134	300
2684	1350107120	290
2685	1352390335	2000
2686	1352514872	2000
2687	1350107122	400
2688	1350107122	100
2689	1352489669	2495
2690	1352489692	3900
2691	1350107124	400
2692	1352489751	3200
2693	1352561139	1500
2694	1352561285	1111
2695	1350107126	400
2696	1352561171	300
2704	1352525144	3000
2705	1352560921	1848
2706	1352560920	1350
2707	1352560919	1295
2708	1352561039	450
2710	1352533925	396
2711	1352547944	300
2712	1352527310	799
2713	1352547949	300
2714	1352561031	170
2715	1352538918	240
2716	1352560906	1600
2717	1352334843	1099
2724	1350107133	300
2725	1350107134	300
2726	1350107134	300
2727	1350107135	300
2728	1350107135	300
2729	1350107136	300
2730	1350107136	385
2731	1350107137	425
2732	1350107137	410
2733	1350107138	130
2734	1350107139	180
2739	1352561175	9800
2741	1350107140	1674
2745	1352561068	5950
2746	1352561017	7800
2747	1352498347	122500
2748	1352561040	1100
2766	1352561261	10000
2767	1350107143	380
2768	1350107143	389
2769	1350107144	389
2770	1352560960	495
2771	1350107145	595
2772	1352561281	5000
2773	1352561049	6300
2774	1352561339	5000
2775	1352561005	5000
2776	1352488259	5000
2777	1352489737	6700
2778	1352561023	8000
2779	1352489738	5000
2780	1352489859	2125
2781	1352489859	3000
2782	1352561260	3900
2783	1352489837	6200
2784	1352489837	14500
2785	1352489837	13800
2786	1352480492	14500
2787	1352457010	8200
2788	1352457009	15000
2789	1352480491	23000
2790	1352480488	10000
2791	1352480489	21500
2792	1352489893	12000
2793	1352457009	9900
2794	1352457009	13000
2795	1352480492	8800
2796	1352469355	6000
2797	1352480493	11000
2798	1352561154	15000
2799	1352457008	7800
2800	1352457008	8900
2801	1352561343	500
2802	1352561029	1000
2803	1352561101	6250
2804	1352517917	3500
2805	1352561343	4199
2806	1352527704	8740
2807	1352561030	6750
2808	1352561029	3989
2809	1352527704	11500
2810	1352561102	8250
2811	1352561101	7300
2812	1352527704	21995
2819	1352274085	999999998
2820	1352274086	999999998
2821	1352274086	749875000
2822	1352470867	749875000
2823	1352371037	999999998
2824	1352470908	90000000
2825	1352471130	999999998
2829	1352561210	10000
2830	1352487473	1600
2831	1352554160	1100
2832	1350107171	1990
2833	1350107172	1700
2834	1352499665	42500000
2836	1352274088	10000000
2837	1352453242	9600
2840	1350107174	100
2841	1350107174	750
2842	1350107175	140
2843	1350107175	120
2844	1352373348	72000000
2845	1352470043	30000000
2846	1352175501	10000
2847	1350107177	23500000
2848	1352561059	3000
2868	1352517959	500
2869	1352517914	500
2870	1352527311	500
2871	1352464238	245
2872	1352337900	26900000
2873	1352306741	880000
2874	1352306748	969000
2875	1352306768	800000
2876	1352306777	900000
2877	1352503198	255
2878	1352493814	385
2879	1352503207	270
2880	1352561314	300
2881	1352503214	700
2882	1352503214	388
2883	1352493815	495
2884	1352561312	500
2885	1352503201	300
2886	1352561309	290
2887	1352561310	320
2888	1352503197	540
2889	1352561310	240
2890	1352561311	775
2891	1352561312	300
2892	1352561313	790
2893	1352503200	255
2894	1352561314	320
2895	1352503201	300
2896	1352561316	250
2897	1352534212	300
2898	1352561315	1300
2899	1352503204	290
2900	1352503205	300
2901	1352503206	300
2902	1352503207	329
2903	1352561318	345
2904	1352503208	290
2905	1352503208	450
2906	1352503209	679
2907	1352553494	300
2908	1352503209	295
2909	1352503203	291
2910	1352503204	260
2911	1352503201	300
2912	1352503211	333
2913	1352503211	300
2914	1352503212	295
2915	1352503212	300
2916	1352503213	985
2917	1352335178	1899
2918	1352553496	300
2919	1352553496	300
2920	1352561321	250
2921	1352503215	300
2922	1352335177	1100
2923	1352503210	340
2924	1352503213	370
2925	1352503214	300
2926	1352534213	389
2927	1352503206	999
2928	1352553494	300
2929	1352503214	370
2930	1352503197	320
2931	1352503205	415
2932	1352561313	309
2933	1352503204	290
2934	1352561316	295
2935	1352561316	4000
2936	1352453242	6400
2937	1352469764	29000000
2938	1352311277	11399
2939	1352469656	38000000
2940	1350107215	1245
2941	1352553486	116
2942	1352338130	2400
2943	1352499666	950
2945	1352561176	300
2946	1352541607	47000000
2947	1352561305	500
2948	1350107218	500
2949	1352517919	3300
2953	1352489694	1368
2954	1350107219	280
2955	1350107220	4680
2956	1350107220	100
2957	1350107221	120
2958	1350107222	999
2959	1352489848	2900
2960	1350107223	999
2961	1350107225	12000
2962	1350107225	2200
2966	1350107226	110
2967	1350107226	100
2968	1350107227	350
2969	1350107227	110
2970	1350107228	250
2971	1350107228	260
2972	1350107229	180
2973	1352489762	1400
2974	1350107230	180
2975	1352561298	2352
2976	1350107231	130
2977	1350107231	340
2978	1350107232	999
2979	1351109056	150
2980	1350107233	220
2981	1352489679	1899
2982	1350107234	220
2983	1352560949	2000
2984	1350107235	220
2985	1352489705	1945
2986	1350107236	220
2987	1352489854	1843
2993	1350107237	330
2994	1351109063	145
2995	1350107238	310
2996	1352561071	390
2997	1350107239	400
2998	1350107239	310
3001	1350107240	1000
3002	1350107241	220
3003	1350107241	260
3004	1350107242	250
3005	1347710751	790000000
3009	1352471159	990000000
3011	1352175563	75000
3012	1352291106	10900
3013	1352283096	4500
3014	1352472089	1275
3015	1352542285	9475
3016	1352542266	770
3017	1352542299	377
3018	1352542285	1200
3019	1350107248	110
3020	1350107249	110
3025	1350107251	14995
3026	1350107251	14995
3027	1350107252	19350
3028	1350107252	15695
3029	1350107253	11990
3030	1350107253	28300
3031	1350107254	16890
3032	1350107254	31000
3034	1352330585	16400
3035	1350107255	100
3036	1350107256	200
3037	1350107256	195
3038	1350107257	500
3039	1352499677	820
3040	1352291277	999
3041	1352553384	500
3042	1352304607	9250000
3043	1352453243	19399
3044	1352453243	28000
3045	1350107260	1960
3046	1350107261	999
3047	1350107261	2500
3048	1350107262	999
3049	1352547780	14000
3056	1352175571	50000
3057	1352164879	1300
3058	1352290827	495
3059	1352184382	300
3060	1352455490	399
3061	1352175571	400
3062	1352164879	10000
3063	1352534011	110
3064	1352457003	3686
3065	1352533896	100
3066	1352175574	22900
3067	1352175574	44000
3068	1352175574	2500
3079	1352421836	2250
3080	1352421838	15000
3081	1352175576	1000000
3082	1352534085	749
3083	1352175576	999
3084	1352457106	9000
3085	1352473348	3000
3086	1352175578	1843
3087	1352534204	999
3091	1350107274	22222
3092	1352175579	272700
3093	1352175579	111000
3094	1352175579	220000
3095	1350107276	4990
3096	1352378596	3000
3097	1352498513	1700
3098	1352175581	1500
3099	1352291279	964
3100	1352215044	200
3101	1352175581	8400
3102	1352175582	800
3103	1352437674	8000
3104	1352175582	2619
3105	1352175583	10000
3106	1352175583	49999
3108	1352553450	800
3109	1352175584	22200
3110	1352175584	11000
3111	1352175585	15800
3112	1352175586	12700
3113	1352175586	24800
3114	1352175586	100000
3117	1352274096	46900000
3118	1352549316	575
3119	1352549313	550
3120	1352490031	600
3121	1352542679	4582
3122	1352542680	199
3123	1352547260	150
3124	1352499677	700
3125	1352499677	30000
3127	1352561226	22845
3128	1352553443	100
3129	1352352793	275
3130	1352175593	26000
3131	1350107292	47000
3132	1352489741	2326
3133	1352553772	2118
3134	1352489871	2670
3135	1352489864	1750
3136	1352473344	2700
3137	1352533828	800
3141	1352534103	399
3142	1352560743	1200
3146	1352561006	18500
3147	1352561009	194
3148	1352561006	2899
3149	1352561008	4696
3150	1352489725	5000
3151	1352561006	11000
3152	1352561008	432
3153	1352561008	176
3154	1352561007	5269
3155	1352561007	5200
3156	1352473035	71969
3192	1352274096	19400000
3193	1352390379	999999998
3194	1352390380	999999998
3195	1352390379	999999998
3196	1352390380	999999998
3197	1352390380	25000000
3199	1352561132	999
3200	1352561133	765
3203	1352561004	368
3216	1352358140	6700000
3219	1352421839	19950000
3221	1352539746	800
3222	1352539746	2220
3223	1352542307	111
3224	1352539302	885
3225	1350107310	285
3226	1350107310	975
3227	1350107311	5800
3228	1350107311	8800
3229	1352539731	600
3230	1352539780	600
3233	1352534033	300
3234	1352503227	300
3235	1352489744	300
3236	1352175620	8700
3237	1352554612	1111
3238	1352469327	11900
3239	1352554517	1790
3240	1352342108	7700
3241	1352554629	4600
3242	1352175622	1995
3243	1352429100	999
3244	1352342282	5350
3245	1352297718	4490
3249	1352175623	21000
3263	1352499680	8500000
3268	1352515510	345000
3269	1352542906	600000
3270	1352515511	499999
3283	1350107320	6999
3284	1352429226	2500
3285	1352533899	350
3290	1352175625	3200
3298	1352524028	3999
3299	1352524029	5200
3300	1352524030	1995
3301	1352524030	2399
3302	1352524032	2350
3303	1352524032	995
3316	1350107326	165000
3317	1352488261	1150
3318	1352560976	1100
3319	1352489809	1150
3320	1352489745	1145
3321	1352414595	7500000
3323	1352502667	38900
3324	1352534535	29900
3325	1350107330	99000
3326	1350107330	17000
3327	1350107331	54000
3336	1352503947	1212121
3337	1352503946	1743000
3338	1350107332	35000
3343	1352227186	3700
3344	1352520429	750
3345	1352376255	1000
3346	1352491500	498
3347	1352430432	1390
3348	1352186013	100
3350	1350107336	795000
3351	1352499680	18700000
3352	1352499680	3599
3353	1352555601	3049
3355	1352175645	6000
3356	1352534118	100
3357	1350107340	100
3358	1352533937	170
3359	1352534152	450
3360	1352533938	120
3361	1352534249	685
3362	1352534203	400
3363	1350107343	999
3364	1350107343	9600
3365	1352524083	21350
3366	1352443998	13895
3367	1352534035	100
3368	1350107345	5300
3369	1350107346	10000
3370	1350107346	7000
3371	1350107347	8985
3372	1350107347	9800
3373	1351194425	9995
3375	1352392326	1100000
3376	1352149040	198998
3377	1352488261	200000
3378	1352515150	880000
3379	1352484340	250000
3398	1350107351	77000
3399	1350107351	27500
3400	1350107352	6995
3401	1352562072	9600
3402	1352562073	3190
3403	1352522322	25000
3412	1352515548	1595000
3413	1352515571	1340000
3414	1352515584	520000
3415	1352018228	544999
3416	1352023097	339000
3421	1352541607	9000000
3422	1352553486	899
3423	1352382003	2475
3424	1352553419	495
3425	1352553419	600
3426	1352553488	437
3427	1352395642	1200
3428	1352553414	700
3431	1352274100	6800000
3432	1352499683	9700
3433	1352501461	490000
3434	1352510296	25000000
3435	1352436913	1500
3439	1352499684	9999999
3440	1351714821	6394
3441	1352560967	18000
3442	1352561206	63900
3445	1352274101	10000000
3446	1352561069	9500
3447	1352561242	8600
3448	1352480497	6999
3449	1352497469	170
3450	1352492337	165
3451	1352492338	999
3452	1352492338	300
3453	1352492337	500
3454	1352492336	500
3455	1352497477	4077
3462	1350107371	100
3463	1350107371	999
3464	1350107372	435
3465	1350107372	695
3466	1352390381	13000000
3467	1350107373	100
3468	1352175677	250000
3474	1352520841	550
3475	1352520749	1400
3476	1352503129	974
3477	1352485117	839
3478	1352503120	800
3479	1352502952	900
3480	1352429079	290
3481	1352470106	999999998
3482	1352470056	125000000
3483	1352163643	17999
3484	1351986812	3200
3485	1352561052	24
3486	1350107380	200
3487	1350107380	2335
3488	1352175680	31000
3489	1350107381	1100
3490	1350107382	1050
3491	1350107382	1100
3492	1350107383	5490
3493	1351714788	4250
3494	1350107384	9250
3495	1352552855	2972
3496	1350107385	595
3497	1350107385	2333
3498	1352175683	79000
3499	1352343276	900000
3500	1352175684	70000
3501	1350107387	73000
3502	1350107388	349900
3503	1350107388	97000
3507	1352499688	19984985
3509	1352561880	1400
3510	1352534149	100
3511	1352552551	1400
3512	1352534151	100
3513	1352534149	100
3514	1352534149	100
3515	1350107392	2740
3516	1350107393	4500
3517	1352520794	7730
3518	1352456012	8989
3519	1352520795	9960
3520	1350107395	300
3521	1352561235	9000
3522	1352561234	3700
3523	1350107396	13999
3524	1350107397	1000
3525	1350107397	2880
3527	1352523203	3900000
3528	1352523201	3895000
3529	1352523200	3900000
3530	1352523202	3900000
3531	1352175690	27750
3532	1352553362	921
3533	1352255990	15000
3534	1352037953	500
3535	1352523210	3299600
3536	1352523210	3000000
3537	1352523213	2500000
3538	1352523209	7900000
3539	1352523211	4000000
3540	1352523212	2950000
3541	1352523208	3000000
3542	1352453244	360000
3543	1352271500	189000
3544	1352271501	170000
3545	1352320214	224000
3546	1352271428	185000
3547	1352370818	185000
3548	1352341238	200000
3551	1350107409	2344
3552	1350107409	2395
3553	1350107410	1885
3554	1350107410	1992
3555	1350107411	13700
3556	1350107411	14898
3557	1350107412	11598
3558	1350107412	3000
3559	1350107413	3399
3560	1350107413	3375
3561	1352561199	25000
3562	1352527316	25000
3563	1352561199	24000
3564	1350107415	5730
3565	1350107416	5880
3566	1350107416	5750
3567	1350107417	7350
3568	1352561267	13750
3569	1352561268	14230
3570	1352506448	10500
3571	1350107419	1799
3572	1352421843	25000
3573	1352175699	6000
3574	1352175699	4000
3575	1350107421	717
3576	1352365514	200000
3577	1352175700	200000
3578	1352499693	6500000
3579	1352453244	249999
3582	1350107423	3000
3584	1350107424	9399
3585	1350107424	49000
3586	1350107425	999
3588	1352531906	790
3589	1352553489	135
3590	1352553489	180
3591	1350107427	1535
3592	1352561146	2894
3593	1350107428	1697
3594	1352561145	201
3595	1352561144	11000
3596	1352539419	1839
3597	1352561096	100
3598	1352075955	85000
3599	1352561150	3198
3600	1352539421	7497
3601	1352548709	24000
3602	1352552529	14891
3603	1352552527	12787
3604	1352552530	1038
3606	1352552526	45000
3608	1352545811	2450
3610	1352227657	500
3611	1352509368	4125
3612	1352175711	38150
3613	1352175711	2349
3614	1352175712	25000
3615	1352175712	9900
3616	1352175712	72000
3617	1352527314	2000
3619	1352175717	90000
3620	1352453245	189000
3621	1352499694	57100
3622	1352453245	59000
3623	1352175717	6819
3624	1352267214	20726
3625	1352370817	143700
3626	1352267215	124000
3627	1352267215	78000
3628	1352215215	189500
3630	1352175719	4100
3631	1352499695	700
3632	1352524033	600
3633	1352457013	850
3634	1352493812	1749
3635	1352457104	999
3636	1352457012	725
3637	1352457112	999
3638	1352493813	640
3639	1351714822	8400
3640	1350107449	2600
3641	1350107449	999
3642	1350107450	6600
3643	1350107450	9000
3644	1352497573	495000
3645	1351714823	3150
3646	1351714822	4900
3647	1352499697	2000000
3648	1352215234	74900
3650	1350107454	500
3651	1352499697	500000
3652	1350107455	2570
3653	1350107455	570
3654	1352175729	749999
3655	1352175730	3000
3656	1352175730	79600
3657	1352175731	17500
3658	1352175731	19800
3659	1352457010	24900
3660	1352497698	50000
3661	1352511504	20000000
3662	1352390382	500000000
3663	1352390382	999999998
3664	1352390381	999999998
3665	1352541607	25000000
3666	1352390383	999999998
3668	1352271511	460000
3669	1352175733	159900
3670	1352175733	900000
3671	1352437665	195000
3672	1350107465	24900
3673	1350107466	54900
3674	1352299190	930000
3675	1350107467	13500
3676	1350107467	100
3677	1350107468	2800
3678	1350107468	350
3679	1350107469	999
3680	1350107469	2400
3681	1352454627	12500
3682	1352517246	19000
3684	1350107471	27500
3685	1350107471	22900
3686	1350107472	27900
3687	1350107472	140
3688	1350107473	120
3689	1350107473	14999
3690	1350107474	9800
3691	1350107474	150
3692	1350107475	130
3693	1352555623	19500
3694	1352335379	20000
3695	1350107476	3000
3696	1350107477	725
3697	1350107477	2750
3698	1352561343	650
3699	1352561301	500
3700	1352561344	888
3702	1352515392	33000
3703	1352076728	10000
3704	1352251522	10000
3705	1352473350	17300
3706	1352473351	19950
3707	1352473345	13999
3708	1352175749	20000
3709	1352561160	3000
3710	1352175750	18000
3711	1352457002	18000
3712	1352561301	14000
3713	1352560880	19999
3714	1352473344	9500
3715	1352489895	15999
3716	1352227203	18000
3717	1352560986	15900
3718	1352379704	20000
3719	1352493811	20000
3720	1352175753	8000
3721	1352290627	15991
3722	1352453246	20000
3723	1352175754	4950
3724	1352499701	150000
3725	1352175754	7860
3726	1352561193	11000
3727	1350107492	338
3728	1352561185	610
3729	1350107493	999
3730	1350107494	700
3731	1350107494	987654321
3732	1350107495	100
3733	1350107495	350
3734	1350107496	3200
3735	1350107496	4895
3736	1350107497	925
3737	1352381997	2000
3738	1350107498	880
3739	1350107498	200
3740	1350107499	500000
3741	1350107499	62000
3742	1351194433	5200
3743	1350107500	149
3744	1350107501	10000
3745	1350107501	12400
3746	1350107502	4600
3747	1350107502	2800
3749	1352485153	1990
3750	1352561341	7400
3751	1350107504	888
3753	1352274110	14975000
3754	1352517920	320
3755	1352527317	420
3756	1352528303	820
3757	1352527707	639
3758	1352517939	495
3759	1352524054	480
3760	1352524075	100
3761	1352561342	9500
3762	1352561341	9000
3763	1350107509	644
3764	1350107510	985
3765	1350107510	980
3766	1350107511	3700
3767	1350107511	3900
3768	1350107512	3900
3769	1350107512	8690
3770	1350107513	10390
3771	1350107513	8690
3772	1350107514	200
3773	1352553475	2800
3775	1350107515	999
3776	1352456010	10900
3777	1352561232	6495
3778	1351714801	3300
3779	1352352779	1990
3780	1350107518	3950
3781	1350107518	3250
3782	1350107519	999
3783	1352508385	60000
3799	1352510332	39250000
3800	1352540912	2400
3801	1352212558	1940
3802	1352175779	900
3803	1352539410	3375
3804	1352539408	2908
3805	1352539403	10000
3806	1352539405	2946
3807	1352539403	6900
3809	1352561144	350
3813	1352083780	6900
3815	1350107525	77500
3816	1352406259	6000
3817	1350107526	9999
3818	1350107527	2750
3819	1350107527	4800
3821	1352561054	895
3822	1352557751	2199
3827	1352523188	500000
3829	1350107529	26000
3831	1350107530	130
3832	1350107530	999
3833	1350107531	989
3834	1350107531	1390
3835	1352175785	5000000
3836	1352390383	8000000
3842	1350107533	100
3843	1350107533	100
3844	1352561134	184
3845	1350107534	100
3846	1350107535	800
3847	1352561087	100
3848	1350107536	150
3849	1350107536	336
3850	1352560935	100
3851	1352560935	360
3852	1352561073	100
3853	1350107538	100
3854	1352534116	800
3855	1350107539	420
3856	1350107540	290
3857	1352560881	700
3858	1350107541	250
3859	1350107541	120
3860	1350107542	664
3861	1352534053	400
3862	1352561065	388
3863	1352561189	148
3864	1350107544	164
3865	1352560915	300
3866	1352560997	106
3867	1350107545	380
3868	1352561036	200
3869	1350107546	100
3870	1350107547	198
3871	1352561166	198
3872	1350107548	999
3873	1350107548	200
3914	1352561335	100
3915	1352503221	969
3916	1352175802	9034
3917	1352456011	5000
3918	1352520795	2850
3919	1352378553	150
3920	1352561335	900
3921	1352561335	1500
3922	1352561336	33000
3923	1352561081	1849
3924	1352520796	3400
3925	1352520797	4199
3926	1352456001	6699
3928	1352421849	5400
3929	1352421850	8500
3943	1352503072	995
3944	1352503159	999
3946	1352499719	14750000
3963	1352470449	100000000
3964	1352402443	12240
3965	1350107560	8700
3970	1352473346	3849
3972	1352157448	3000
3974	1352348604	5910
3975	1352503116	700
3976	1352458300	4725
3977	1352520796	4900
3978	1352561173	7999
3979	1352421852	6000
3980	1352499720	800
3981	1352499720	3900
3982	1352561330	4315
3983	1352485027	873
3984	1352485025	4439
3985	1352175812	4700
3986	1352520801	6000
3987	1352457000	4000
3988	1352560675	11500
3989	1352492357	9968
3990	1352560888	15000
3994	1352534155	800
3995	1352375358	40000
3997	1352545812	789
3998	1352524034	2995
3999	1352421853	20000000
4000	1352561288	11155
4001	1350107573	4335
4002	1352503218	8500
4003	1352524035	4390
4004	1352175818	4161
4019	1352534230	969
4020	1352548739	9500
4037	1350107576	400
4038	1350107577	400
4039	1350107577	3250
4051	1352489845	8849
4052	1350107578	725
4053	1350107579	4000
4054	1350107579	800
4055	1352561061	500
4056	1352561061	172
4057	1352561236	246
4058	1352560887	108
4059	1352560888	186
4083	1351714823	2500
4084	1352534120	214
4085	1350107583	3300
4086	1352489711	1400
4087	1352533969	200
4088	1352489903	3650
4089	1352561159	200
4090	1352561184	200
4091	1352490032	4500
4092	1352561271	16800
4093	1352349901	13500
4094	1352370001	2450
4095	1352521139	1880
4096	1352489685	3000
4097	1352521153	5670
4098	1352489791	9669
4099	1352489687	21000
4100	1352518810	43000
4101	1352391110	80000
4102	1352442678	145000
4103	1352518812	300000
4104	1352200022	578900
4105	1352518811	1000000
4106	1352295951	199800
4107	1352485149	105000
4122	1352429997	1300
4123	1352456000	1000
4124	1352554465	1150
4125	1352554553	7200
4126	1352561124	1200
4132	1351194423	8300
4135	1352499721	31000000
4136	1352541608	8400000
4137	1352406062	7500
4146	1352554651	6000
4147	1352175836	9770
4148	1352499722	25000000
4149	1352534129	800
4150	1352175840	6500
4151	1352524051	2200
4152	1352382012	350
4153	1352385605	4900
4154	1352507248	2600
4155	1352520878	5000
4156	1352444290	38450
4157	1352485132	219000
4158	1352485134	750000
4159	1352485136	800000
4160	1350107607	35345
4161	1350107607	185000
4162	1352175843	44999
4163	1352499722	4200
4164	1352499722	2100
4166	1352274113	95000000
4167	1352471086	95000000
4168	1352274113	50000000
4169	1352550422	11975
4171	1352175843	1250000
4172	1352520798	800000
4173	1352520797	730000
4174	1352480498	950000
4176	1352540528	450
4177	1352499723	20000000
4184	1352213015	900
4185	1352561250	495
4186	1352561250	500
4187	1352561251	169
4188	1352561251	700
4189	1352382590	644000
4192	1352492354	100
4200	1352421859	37995
4201	1352376264	6499
4202	1352421856	30000
4203	1352175846	5000
4206	1352560936	1700
4207	1352560936	19500
4208	1352561244	1940
4209	1352561244	110
4210	1352561218	38500
4211	1352411664	3000
4212	1352561338	150
4213	1352561243	8895
4214	1352561264	350
4215	1352560973	28000
4216	1352503057	130
4217	1352406164	2000
4218	1352561070	5395
4219	1352561244	29000
4220	1352561223	600
4223	1352499723	19999999
4224	1352311287	7274
4225	1352395643	8200
4227	1352469933	50000000
4228	1352529375	150000000
4229	1352424039	39500
4230	1352075971	17000
4231	1352175856	35000
4232	1352175856	8702
4234	1352175857	11220
4235	1352561240	999
4236	1352489689	13000
4237	1352489513	1682
4238	1350107635	10000
4239	1352561187	1000
4240	1352489763	7000
4241	1352534165	800
4242	1352534171	969
4243	1352524091	37500
4244	1352561080	7500
4245	1352503085	999
4246	1352534037	873
4247	1350107640	95000
4248	1352561016	9000
4249	1352424038	30000
4254	1352175860	3200
4255	1352513581	5500
4256	1352503176	873
4257	1352503123	291
4258	1350107644	4925
4259	1350107644	6950
4260	1352175866	2850
4261	1352175866	3290
4262	1352175867	830
4273	1352499724	599
4276	1352510348	8450000
4277	1352558238	9900000
4278	1352510349	8700000
4328	1352501775	87654321
4329	1352533855	180
4330	1350107651	990
4331	1350107652	995
4332	1352175869	3300
4333	1350107653	35000
4334	1352474306	20999
4335	1352414170	9700
4336	1352414169	8000
4337	1352473348	7050
4338	1352257772	7900
4339	1352257766	26000
4340	1352534110	129
4341	1352533868	395
4342	1352546808	3400
4344	1352175876	99000
4345	1352175877	200000
4346	1352175877	119799
4347	1352175877	339500
4348	1352499726	999999
4352	1352215386	2425000
4353	1352274115	15999999
4354	1352343206	5000000
4355	1352175881	2500000
4356	1352541608	6999900
4357	1352175882	2750000
4358	1352175883	999999
4359	1352225564	3000000
4360	1350107666	310000
4361	1350107666	2000000
4362	1352524036	4600
4364	1352175884	2989
4365	1350107667	2800
4366	1350107668	999
4367	1350107668	998
4377	1352175889	350
4378	1352175889	500
4379	1352175890	5960
4381	1352175890	9000
4382	1352175890	94500
4383	1352175891	59500
4384	1352175891	1400000
4385	1352369270	3150
4386	1352335372	1843
4387	1352335368	15250
4388	1352175895	1800
4393	1352533929	100
4394	1352533928	100
4395	1352533928	100
4397	1352524037	6850
4398	1352499726	15000000
4399	1352510352	999999998
4400	1352510352	999999998
4401	1352510352	999999998
4402	1352541609	999999998
4403	1352224813	38383838
4406	1350107680	100000
4407	1352460879	24000
4408	1352274129	100000
4409	1352501374	5500
4410	1350107682	150000
4411	1352515607	450000
4412	1350107683	4000
4413	1350107683	4750
4414	1352524637	23450
4431	1350107684	41750
4432	1350107685	4445
4433	1350107685	1945
4434	1350107686	995
4436	1350107686	21995
4438	1352561082	385
4439	1352561082	100
4440	1352561071	675
4441	1352560980	350
4442	1352561262	339
4443	1352561262	339
4444	1352561071	151
4445	1352561263	340
4446	1352561263	340
4447	1352561264	340
4449	1352541025	999999
4451	1352489831	2200
4452	1352503090	969
4453	1352311290	800
4454	1352499730	848
4455	1352175907	72000
4456	1352175907	3000
4457	1352503169	404
4458	1352561255	2142
4459	1352561255	2545
4460	1352561256	4970
4461	1352561233	1155
4462	1352522467	4174
4463	1352547885	3769
4464	1352522317	9900
4465	1352545762	4400
4466	1352554611	3999
4467	1352537734	4499
4468	1352499730	19000000
4469	1352552546	165
4470	1352520600	100
4471	1352370806	1299
4472	1352455999	3000
4473	1352455999	3333
4474	1352446331	1498
4475	1352006393	2960
4476	1352175919	14399
4477	1352175919	15290
4478	1352175919	63900
4479	1352409748	11850
4480	1352175920	19990
4481	1352175921	600000
4482	1352182034	1250000
4483	1352175921	3000000
4484	1352319649	2950000
4485	1352175921	29000
4486	1352553372	1000
4487	1352332074	1380
4488	1352421473	3000
4489	1352274118	850000
4490	1350107712	88888888
4491	1352553367	15500
4492	1352175926	22000
4493	1352175926	2970
4494	1352175926	179994
4495	1352248666	1799999
4496	1352175927	17499
4497	1352537838	2050
4498	1352520423	156
4499	1352514221	156
4500	1352528438	1999
4501	1352514223	156
4502	1352553014	156
4503	1352537571	1400
4505	1352553447	100
4507	1352274118	93000000
4508	1352565052	250
4517	1350107722	6466
4518	1352531905	19000
4520	1352414163	29100
4521	1352175937	5999
4522	1350107724	100
4523	1352561019	166
4524	1352561197	188
4525	1350107727	100
4526	1350107727	145
4527	1352561010	116
4528	1350107728	100
4529	1352561256	100
4531	1350107729	13280
4532	1351714828	23000
4533	1351194420	11900
4534	1350107731	9000
4535	1351714828	4500
4536	1350107732	12000000
4559	1352552690	72999
4561	1352551597	1300
4565	1352503137	100
4566	1352489884	2900
4574	1352529378	13400000
4575	1352502975	150
4576	1352533897	150
4577	1352493795	8000
4578	1352407920	200
4579	1352436395	13700
4580	1352503112	218
4581	1352294030	50000
4582	1352533970	132
4584	1352534161	180
4585	1352499731	900
4586	1352533886	100
4587	1352175947	2000
4588	1350107741	170
4589	1351714819	4498
4592	1350107742	280000
4593	1350107742	694
4594	1350107743	115
4595	1350107743	998
4597	1350107744	685000
4598	1350107744	21600
4599	1352181731	220000
4601	1352508391	700
4603	1352175954	35000
4604	1352175954	200000
4606	1350107747	290
4607	1350107748	469
4608	1350107748	999
4609	1350107749	30000
4610	1350107749	8400
4611	1350107750	8700
4612	1350107750	1350000
4614	1352541611	40000000
4615	1350107751	140000
4616	1352274120	4999000
4617	1352524038	4000
4618	1352175962	13999
4619	1352510361	18000000
4620	1350107754	11500
4621	1350107754	4666
4622	1350107755	352
4623	1352175963	3485
4624	1352561178	900
4644	1350107756	25000000
4648	1350107757	35000000
4649	1350107757	999
4650	1350107758	8000
4651	1350107758	990
4652	1351714787	999
4653	1350107759	999
4654	1350107761	345
4655	1350107761	350
4656	1350107762	1500
4657	1350107762	1300000
4659	1351714804	1200
4660	1350107763	987654321
4661	1350107764	849
4662	1350107764	7790
4664	1350107765	183000
4665	1350107765	170
4666	1350107766	170
4677	1350107766	499999999
4678	1350107767	42900
4679	1350107767	3650
4680	1350107768	44800
4681	1350107768	400000
4682	1350107769	345000
4683	1350107769	750000
4684	1350107770	400000
4685	1350107770	260000
4686	1350107771	300000
4687	1350107771	48000
4688	1350107772	9400
4689	1350107772	29000
4690	1350107773	15800
4691	1350107773	3290
4692	1350107774	999
4693	1350107774	900
4694	1350107775	38500
4695	1350107775	4496
4696	1350107776	45000000
4698	1350107776	200
4699	1350107777	300
4700	1350107777	4400
4701	1350107778	29999
4703	1350107778	13000000
4704	1350107779	29200
4705	1350107779	29300
4706	1350107780	89999995
4709	1350107780	49000000
4710	1350107781	8470
4713	1350107781	109
4714	1350107782	250
4715	1350107782	175
4716	1350107783	285
4717	1350107783	165
4718	1350107784	100
4719	1350107784	100
4720	1350107785	28000000
4721	1350107785	999
4722	1350107786	300
4723	1350107786	25000
4724	1350107787	9900
4725	1350107787	1500
4726	1350107788	1775
4727	1350107788	999
4728	1350107789	2900
4729	1350107789	3500
4732	1350107790	25000000
4733	1350107790	4895
4734	1350107791	22500000
4735	1350107791	13000
4736	1350107792	2400
4737	1350107792	100
4738	1350107793	900
4739	1350107793	100
4740	1350107794	135
4741	1350107794	12000
4742	1350107796	3800
4743	1350107796	836
4744	1350107797	3500
4745	1350107797	2100
4746	1350107798	1300
4747	1350107798	54500
4748	1350107799	120000
4749	1350107799	135000
4750	1350107800	500000
4751	1350107800	300000
4752	1350107801	250000
4753	1350107801	2000000
4754	1350107802	2000000
4755	1350107802	1000000
4756	1350107803	9999
4758	1350107803	2300
4759	1350107804	20000000
4761	1350107804	11500
4762	1350107805	83995
4763	1350107805	12300
4764	1350107806	4149
4765	1350107806	4000
4766	1350107807	14550
4767	1350107807	999
4771	1350107808	16000
4818	1350107808	999
4819	1350107809	795
4820	1350107809	999
4821	1351714829	3100
4822	1350107810	7500
4823	1350107811	7400
4824	1350107811	9000
4825	1350107812	7000
4826	1350107812	160000
4827	1350107813	9000000
4828	1350107813	10000
4829	1350107814	100
4830	1350107814	194
4831	1350107815	100
4832	1350107815	100
4833	1350107816	100
4834	1350107816	275
4835	1350107817	100
4836	1350107817	100
4837	1350107818	100
4838	1350107818	250000
4839	1350107819	4300
4840	1351194430	3000
4841	1350107820	2965
4842	1350107820	5500
4843	1350107821	10900
4844	1350107821	1975
4851	1350107822	200000
4853	1350107822	3500
4856	1350107823	2500
4857	1350107823	29999
4859	1350107824	199000
4860	1350107824	99900
4861	1350107825	197000
4862	1350107825	99000
4863	1350107826	64979
4864	1350107826	12000
4865	1350107827	1750000
4866	1350107827	3499
4875	1350107828	21000
4883	1350107828	19950
4884	1350107829	6000
4885	1350107829	3000
4886	1350107830	1984
4887	1350107831	30000
4888	1350107831	100000
4893	1350107832	11999
4896	1350107832	50000
4897	1350107833	999
4898	1350107833	10000
4899	1350107834	98000
4900	1350107834	8500
4901	1350107835	3850
4902	1350107835	58500
4903	1350107836	24500
4904	1350107836	69800
4908	1350107837	30000000
4937	1350107837	20000000
4938	1350107838	150
4939	1350107838	7995
4940	1350107839	100
4941	1350107839	195
4948	1350107840	430
4949	1351803289	400
4950	1350107841	100
4951	1350107841	222
4952	1350107842	100
4953	1350107842	160
4954	1350107843	100
4955	1350107843	100
4956	1350107844	114
4957	1350107844	100
4958	1350107845	110
4959	1350107845	120
4960	1350107846	185
4963	1350107846	5800
4965	1350107847	12500000
4966	1350107847	10500
4967	1350107848	950
4968	1350107848	950
4969	1350107849	950
4970	1350107849	950
4971	1350107850	950
4972	1350107850	950
4973	1350107851	950
4974	1350107851	950
4975	1350107852	950
4976	1350107852	950
4977	1350107853	950
4978	1350107853	4700
4979	1350107854	4999
4980	1350107854	4800
4981	1350107855	4800
4982	1350107855	4900
4983	1350107856	4695
4984	1350107856	49450
4985	1350107857	49300
4986	1350107857	48975
4987	1350107858	849000
4988	1350107858	52000
4989	1350107859	53000
4990	1350107859	61000
4991	1350107860	55000
4992	1350107860	50300
4993	1350107861	54000
4994	1350107861	80000
4995	1350107862	55000
4996	1350107862	55000
4997	1350107862	58000
4998	1350107863	52000
4999	1350107863	255000
5000	1350107864	262000
5001	1350107865	490000
5002	1350107866	290000
5003	1350107866	260000
5004	1350107867	260000
5005	1350107867	3850000
5006	1350107868	5300042
5007	1350107868	13000000
5008	1350107869	105000
5009	1350107869	5000000
5011	1350107870	16000000
5012	1350107870	200
5013	1350107871	450
5014	1350107871	450
5015	1350107872	450
5016	1350107872	450
5017	1350107873	450
5018	1350107873	450
5019	1350107874	350
5020	1350107874	450
5021	1350107874	450
5022	1350107875	13133000
5023	1350107875	999
5024	1350107876	133000
5025	1350107876	159000
5026	1350107877	333000
5027	1350107877	300000
5047	1350107878	150000000
5048	1350107878	300
5052	1350107879	7200
5053	1350107879	30000
5054	1350107880	10800
5055	1350107880	2400
5057	1350107881	234567
5058	1350107881	133000
5059	1350107882	44444
5062	1350107882	300
5064	1350107883	2500
5065	1350107883	1900
5066	1350107884	9000
5067	1350107884	1500
5068	1350107885	1990
5073	1350107885	2000
5074	1350107886	400
5075	1350107886	600
5076	1350107887	800
5077	1350107887	200
5078	1350107888	100
5079	1350107888	800
5080	1350107889	990
5081	1350107889	999
5082	1351714831	485
5083	1350107890	400
5084	1350107891	600
5085	1350107891	800
5086	1350107892	295
5087	1350107892	999
5088	1350107893	1999
5089	1350107893	444
5090	1350107894	300
5091	1350107894	388
5092	1350107895	999
5093	1350107895	490
5094	1350107896	333
5095	1350107896	399
5096	1350107897	500
5097	1350107897	500
5098	1350107898	500
5099	1351714800	10000
5100	1350107899	9000
5101	1350107899	5600
5102	1350107900	7000
5103	1350107901	208
5104	1350107901	37450
5105	1350107902	674
5106	1350107902	25000
5109	1350107903	2400
5110	1350107903	4195
5111	1350107904	2400
5112	1350107904	19950000
5114	1350107905	4000
5120	1350107905	999
5121	1350107906	350000000
5122	1350107906	8400000
5123	1350107907	690000
5124	1350107907	724000
5125	1350107908	200
5126	1350107908	200
5127	1350107909	200
5128	1350107909	200
5129	1350107910	200
5130	1350107910	200
5131	1350107911	193000
5132	1350107911	100
5133	1350107912	200
5134	1350107912	205
5144	1350107913	6000
5157	1350107913	900
5164	1350107914	11980111
5166	1350107914	999
5169	1350107915	300
5170	1350107915	5945
5173	1350107916	300
5188	1350107916	7800
5189	1350107917	6800
5190	1350107917	16000000
5191	1350107918	999
5192	1350107918	600
5198	1350107919	4500
5199	1350107919	4875
5200	1350107920	4600
5201	1350107920	4500
5202	1350107921	4500
5203	1350107921	4690
5204	1351714827	3800
5205	1351194413	4270
5206	1350107923	4650
5207	1350107923	4599
5208	1350107924	6666
5209	1350107924	4580
5210	1350107925	4550
5211	1350107925	4650
5212	1350107926	4549
5213	1350107926	9075
5214	1350107927	4625
5215	1350107927	6888
5216	1350107928	4599
5217	1350107928	4700
5218	1350107929	4600
5219	1350107929	13500
5223	1350107930	13698000
5224	1350107930	8750
5225	1350107931	3890
5226	1350107931	10500
5227	1350107932	8300
5228	1350107932	3900
5229	1350107933	5500
5230	1350107933	999
5231	1350107934	8590
5232	1350107934	8000
5233	1350107935	4900
5234	1350107936	999
5235	1350107937	275
5236	1350107937	999
5237	1350107938	999
5238	1350107938	7500
5239	1350107939	4400
5240	1350107939	7000
5241	1350107940	4400
5242	1350107940	7000
5243	1350107941	5750
5244	1351194412	7950
5245	1350107942	3390
5246	1350107942	3500
5247	1350107943	4700
5248	1350107943	4750
5249	1350107944	6500
5250	1350107944	8700
5251	1350107945	7745
5252	1350107945	3500
5253	1350107946	2400
5254	1350107946	9285
5255	1350107947	7400
5256	1350107947	8232
5257	1350107948	8895
5258	1350107948	9444
5259	1350107949	6000
5260	1351714824	6000
5261	1350107950	9800
5262	1351194430	6300
5263	1350107951	4350
5264	1350107951	4700
5265	1350107952	6200
5266	1350107952	2500
5267	1350107953	9840
5268	1350107954	7400
5269	1350107954	10750
5270	1350107955	11000
5271	1350107955	4995
5272	1350107956	10480
5273	1350107956	9414
5274	1350107957	8500
5275	1350107957	5949
5276	1350107958	3995
5277	1350107958	8000
5278	1350107959	4802
5279	1350107959	4100
5280	1350107960	11176
5281	1350107960	4500
5282	1350107961	6999
5283	1350107961	7236
5284	1350107962	74990000
5285	1350107962	7750
5286	1350107963	100
5287	1350107963	100
5288	1350107964	100
5289	1350107964	750
5290	1351801680	395
5291	1350107965	100
5292	1350107966	165
5293	1350107966	5000
5294	1350107967	899500
5295	1350107967	9876543
5296	1350107968	35000
5298	1350107968	44000
5300	1350107969	4200
5301	1350107969	25000000
5307	1350107970	999
5308	1350107970	2950
5309	1350107971	999
5310	1350107971	12000
5311	1350107972	900
5312	1350107972	3400
5313	1350107973	700
5314	1350107973	925
5315	1350107974	19300
5316	1350107974	999
5317	1350107975	999
5318	1350107975	4920
5319	1350107976	999
5320	1351714832	13940
5321	1350107977	2000
5322	1350107977	5000
5323	1350107978	4000
5324	1350107978	4000
5325	1350107979	6000
5326	1350107979	5500
5327	1350107980	7992
5328	1350107980	31985
5329	1350107981	2500
5330	1350107981	17500
5331	1350107982	999
5332	1350107982	21000
5333	1350107983	2600
5334	1351714799	999
5335	1351714799	2495
5336	1350107985	999
5341	1350107985	400000
5342	1350107986	48749
5345	1350107986	999
5371	1350107987	9425000
5372	1350107987	18999
5373	1350107988	9000
5374	1350107988	13000
5375	1350107989	13500
5376	1350107989	11995
5377	1350107990	23400000
5378	1350107990	9699
5379	1350107991	4600
5380	1350107991	200
5381	1350107992	2995
5382	1350107992	900
5383	1350107992	8300
5384	1350107993	17250
5385	1350107993	999
5386	1350107994	198899
5387	1350107994	111222
5388	1350107995	230000
5389	1350107995	13500
5390	1350107996	20000
5393	1350107996	1845
5394	1350107997	2200
5395	1351882832	5300
5396	1351882832	6161
5397	1350107998	8800
5398	1350107999	18400
5399	1350107999	30000
5400	1350108000	40500
5401	1350108000	10000
5402	1350108001	14999
5403	1350108001	14920000
5405	1350108002	68999
5406	1350108002	59740
5407	1350108003	6700
5408	1350108003	6900
5409	1350108004	6970
5410	1350108004	6699
5411	1350108005	6750
5412	1350108005	7150
5413	1350108006	12000
5414	1350108006	4000
5415	1350595725	999
5416	1350108007	4475
5417	1350108008	995
5418	1351714824	8390
5419	1351714829	18495
5420	1350108009	2200
5421	1350108010	13000
5422	1350108010	999
5423	1350108011	5478
5424	1350108011	4356
5425	1350108012	5399
5430	1350108012	2300
5431	1350108013	110000
5432	1350108013	140000
5433	1350108014	140000
5435	1350108014	215
5436	1350108015	1995
5437	1350108015	999
5438	1350108016	7000
5439	1350108016	2200
5440	1350108017	3745
5442	1350108017	23394999
5443	1350108018	9000
5444	1350108018	190
5445	1350108019	140
5446	1350108019	400
5447	1350108020	400
5454	1350108020	998
5455	1350108021	998
5456	1350108021	2224
5458	1350108022	210210
5459	1350108022	11970
5460	1350108023	475000
5461	1350108023	48050
5462	1350108024	40000
5463	1350108024	16000000
5464	1350108025	780
5465	1350595723	790
5466	1350108027	100
5467	1350108028	100
5468	1350108028	100
5469	1350108029	100
5470	1350108029	3196
5471	1350108030	3850
5472	1350108030	800
5473	1350108031	6600
5474	1350108031	6500
5475	1350108031	8500
5476	1350108032	5790
5477	1351714830	1800
5478	1351194421	2500
5479	1350108033	5998
5480	1350108034	6774
5481	1350108034	6304
5482	1350108035	6500
5483	1350108035	6400
5484	1350108036	6498
5485	1350108036	24900
5486	1350108037	25000
5487	1351714807	24000
5488	1350108038	980
5489	1350108038	995
5490	1350108039	990
5491	1350108039	36700
5492	1350108040	34900
5493	1350108040	44995
5494	1350108041	143990
5495	1350108041	100000
5496	1350108042	100000
5505	1350108042	2250
5506	1350108043	3380
5507	1350108043	4000
5508	1350108044	4880
5509	1350108044	5789
5510	1350108045	999
5511	1352352783	300
5512	1352352788	350
5513	1352352792	499
5514	1352352789	350
5515	1350108047	800
5516	1350108048	175
5517	1350108049	200
5518	1350108049	120
5519	1350108050	200
5520	1350108050	130
5521	1350108051	180
5522	1350108051	180
5523	1350108052	140
5524	1350108052	180
5525	1350108053	7700
5526	1350108053	280
5527	1350108054	999
5528	1350108054	100
5529	1350108055	150
5530	1350108055	10000
5531	1350108056	100
5532	1350108056	550
5533	1350108057	300
5534	1350108057	925
5535	1350108058	8000
5536	1350108058	9800
5537	1350108059	3000
5538	1350108059	120
5539	1350108060	5000
5540	1350108060	6575
5541	1350108061	13800
5542	1350108061	265
5544	1350108062	54000
5545	1350108062	21986
5546	1350108063	9400
5548	1350108064	15000
5550	1350108064	5970
5553	1350108065	25250000
5568	1350108065	750
5569	1350108066	750
5570	1350108066	750
5573	1350108067	4700
5574	1350108067	8850
5575	1350108068	8850
5576	1350108068	9800
5577	1350108069	6500
5578	1350108069	8800
5579	1350108070	8885
5580	1350108070	13500
5581	1350108071	2850
5582	1350108071	1900
5583	1350108072	4900
5584	1350108072	3400
5585	1351194430	7000
5586	1351194431	27000
5587	1351194431	5700
5588	1350108074	1800
5589	1350108075	4490
5590	1350108075	2500
5591	1350108076	6000
5592	1350108076	12222
5593	1350108077	4800
5594	1350108077	900
5595	1350108078	1700
5596	1350108078	2999
5597	1350108079	11700
5598	1350108080	9900
5599	1350108080	12200
5600	1350108081	7999
5601	1350108081	12377
5602	1350108082	10900
5603	1350108082	7975
5604	1350108083	11898
5605	1350108083	8548
5606	1350108084	5900
5607	1350108084	5450
5608	1350108085	7200
5609	1351714821	9800
5610	1351714821	6300
5611	1351714821	5099
5612	1350108087	5000
5613	1350108087	6000
5614	1350108088	4300
5615	1350108088	11995
5616	1350108089	14000
5617	1350108089	7450
5618	1350108090	4914
5619	1350108090	7400
5620	1350108091	4999
5621	1350108091	13980
5622	1350108092	11745
5623	1350108092	12700
5624	1350108093	5300
5625	1350108093	11999
5626	1350108094	6900
5627	1350108094	22900
5628	1350108095	25900
5629	1350108095	28000
5630	1350108096	13900
5631	1350108096	23500
5632	1350108097	21112
5633	1350108097	10793
5634	1350108098	16000
5635	1350108098	24400
5636	1350108099	22895
5637	1350108099	24000
5638	1350108100	11000
5639	1350108100	11500000
5640	1350108101	14100
5641	1350108101	165
5642	1350108102	100
5643	1350108102	909
5644	1350108103	295
5646	1350108103	3500
5647	1350108104	30000
5648	1350108104	17600000
5649	1351714790	28000
5650	1350108105	21000000
5651	1350108106	10000
5652	1350108106	29900000
5654	1350108106	500
5655	1350108107	500
5657	1350108107	25000000
5658	1350108108	33333333
5659	1346650040	3245000
5660	1348675818	7500000
5661	1348675633	11500000
5662	1350108108	32000000
5670	1350108109	4999
5671	1350108109	3100
5672	1350108110	30000
5673	1350108110	23500
5675	1350108111	6745
5676	1350108111	151
5677	1350108112	100
5678	1350108112	200
5679	1350108113	100
5680	1350108113	7000
5681	1350108114	100
5686	1350108114	998
5689	1350108115	150
5691	1350108115	190
5696	1350108116	125
5698	1350108116	387
5699	1350108117	12220
5700	1350108117	2500
5701	1350108118	9984995
5702	1350108118	3000
5703	1350108119	300
5708	1350108119	2965
5709	1350108120	94935
5712	1350108120	875000
5713	1350108121	900000
5715	1350108121	1500000
5717	1350108122	6700
5718	1350108122	850000
5719	1350108123	300
5720	1350108123	745
5721	1350108124	2900
5722	1350108124	850000
5723	1352352787	1500
5724	1350108125	2500
5725	1350108126	8000
5729	1350108126	5800
5730	1350108127	20000
5731	1350108127	24000
5734	1350108128	50000
5736	1350108128	998
5737	1350108129	350
5738	1350108129	14988800
5740	1350108130	100
5741	1350108130	100
5742	1350108131	300
5743	1350108131	450
5744	1350108132	100
5745	1350108132	303
5746	1350108133	1600
5747	1352352818	100
5748	1350108134	999
5749	1350108134	1488
5750	1350108135	100
5752	1350108136	100
5753	1350108136	100
5754	1350108137	154
5759	1350108137	60000
5762	1350108138	8800
5767	1350108138	13000000
5775	1350108139	21000
5779	1350108139	999
5780	1350108140	650
5781	1350108140	2700
5790	1350108141	11000000
5791	1350108141	9999999
5792	1350108142	7250000
5794	1350108142	55000
5795	1350108142	1000000
5796	1350108143	22500
5797	1350108143	55000
5798	1350108144	95000
5799	1350108144	9950
5802	1350108145	69500
5803	1350108146	5695
5804	1350108146	275
5805	1350108147	9199
5806	1350108147	120000
5807	1350108148	25000
5808	1350108148	25000
5809	1350108149	22500
5810	1350108149	794
5811	1350108150	100
5812	1350108150	194
5814	1350108151	900
5815	1350108151	900
5816	1350108152	900
5817	1350108152	15000
5818	1350108153	4500
5819	1350108153	4399
5820	1350108154	4000
5821	1350108154	15000
5822	1350108155	9900
5823	1350108155	5000
5824	1350108156	5000
5825	1350108156	11000
5826	1350108157	10000
5827	1350108157	3999
5828	1350108158	24000
5829	1350108158	740
5830	1350108159	9900
5831	1350108159	15980
5832	1350108160	800
5833	1350108160	100
5834	1350108161	100
5835	1350108161	8500
5836	1350108162	90000
5837	1350108162	17900
5838	1350108163	125
5839	1350108163	54995
5840	1350108164	55000
5841	1350108164	55000
5842	1350108165	990
5843	1350108165	3000
5845	1350108166	44999
5846	1350108166	5000
5847	1350108167	5000
5848	1350108167	20000
5849	1350108168	15499
5850	1350108168	23000
5851	1350108169	995
5852	1350108169	449000
5853	1350108170	10000
5854	1350108170	5000
5855	1350108171	26499
5856	1350108171	9499
5857	1350108172	27000
5858	1350108172	9000
5859	1350108173	45000
5860	1350108173	20000
5861	1350108174	99999999
5862	1350108174	49000000
5863	1350108175	20000
5879	1350108175	11995000
5881	1350108177	7995
5882	1350108177	8000
5883	1350108178	20000
5884	1350108178	175000
5886	1350108179	130000
5887	1350108179	46000
5888	1350108180	150000
5889	1350108180	95000
5890	1350108181	7000000
5891	1350108181	75000
